0.8334	0.6767
0.8335	0.6768
0.8337	0.6768
0.8338	0.6768
0.8339	0.6767
0.8341	0.6766
0.8342	0.6764
0.8343	0.6762
0.8345	0.6759
0.8346	0.6756
0.8347	0.6752
0.8349	0.6748
0.835	0.6744
0.8351	0.6739
0.8353	0.6735
0.8354	0.6731
0.8355	0.6726
0.8357	0.6722
0.8358	0.6718
0.8359	0.6714
0.8361	0.6711
0.8362	0.6708
0.8364	0.6707
0.8365	0.6707
0.8366	0.6709
0.8368	0.6712
0.8369	0.6718
0.837	0.6725
0.8372	0.6732
0.8373	0.674
0.8374	0.6746
0.8376	0.6752
0.8377	0.6755
0.8378	0.6756
0.838	0.6754
0.8381	0.6751
0.8382	0.6746
0.8384	0.674
0.8385	0.6735
0.8387	0.673
0.8388	0.6726
0.8389	0.6724
0.8391	0.6725
0.8392	0.6727
0.8393	0.6731
0.8395	0.6736
0.8396	0.6742
0.8397	0.6748
0.8399	0.6754
0.84	0.6759
0.8401	0.6763
0.8403	0.6765
0.8404	0.6765
0.8406	0.6764
0.8407	0.6762
0.8408	0.676
0.841	0.6756
0.8411	0.6753
0.8412	0.675
0.8414	0.6747
0.8415	0.6743
0.8416	0.674
0.8418	0.6736
0.8419	0.6732
0.8421	0.6727
0.8422	0.6721
0.8423	0.6716
0.8425	0.6711
0.8426	0.6706
0.8427	0.6702
0.8429	0.67
0.843	0.67
0.8432	0.6701
0.8433	0.6703
0.8434	0.6707
0.8436	0.6712
0.8437	0.6716
0.8438	0.6721
0.844	0.6724
0.8441	0.6727
0.8442	0.673
0.8444	0.6731
0.8445	0.6731
0.8447	0.6731
0.8448	0.673
0.8449	0.6728
0.8451	0.6726
0.8452	0.6724
0.8454	0.6722
0.8455	0.6719
0.8456	0.6717
0.8458	0.6716
0.8459	0.6716
0.846	0.6716
0.8462	0.6717
0.8463	0.6718
0.8465	0.672
0.8466	0.6721
0.8467	0.6723
0.8469	0.6724
0.847	0.6724
0.8471	0.6723
0.8473	0.6722
0.8474	0.6721
0.8476	0.6721
0.8477	0.672
0.8478	0.672
0.848	0.6721
0.8481	0.6721
0.8483	0.6722
0.8484	0.6723
0.8485	0.6723
0.8487	0.6723
0.8488	0.6722
0.8489	0.6722
0.8491	0.6722
0.8492	0.6723
0.8494	0.6725
0.8495	0.6727
0.8496	0.6729
0.8498	0.6732
0.8499	0.6734
0.8501	0.6736
0.8502	0.6737
0.8503	0.6737
0.8505	0.6736
0.8506	0.6734
0.8508	0.6732
0.8509	0.6728
0.851	0.6724
0.8512	0.6719
0.8513	0.6714
0.8515	0.6709
0.8516	0.6704
0.8517	0.67
0.8519	0.6698
0.852	0.6696
0.8522	0.6695
0.8523	0.6696
0.8524	0.6697
0.8526	0.6699
0.8527	0.6701
0.8529	0.6703
0.853	0.6705
0.8531	0.6706
0.8533	0.6707
0.8534	0.6708
0.8536	0.671
0.8537	0.6711
0.8538	0.6712
0.854	0.6714
0.8541	0.6717
0.8543	0.672
0.8544	0.6723
0.8545	0.6727
0.8547	0.673
0.8548	0.6734
0.855	0.6738
0.8551	0.6741
0.8552	0.6743
0.8554	0.6745
0.8555	0.6746
0.8557	0.6747
0.8558	0.6746
0.856	0.6745
0.8561	0.6743
0.8562	0.674
0.8564	0.6737
0.8565	0.6732
0.8567	0.6728
0.8568	0.6723
0.8569	0.6718
0.8571	0.6714
0.8572	0.6709
0.8574	0.6705
0.8575	0.6702
0.8577	0.6699
0.8578	0.6697
0.8579	0.6695
0.8581	0.6693
0.8582	0.6693
0.8584	0.6693
0.8585	0.6694
0.8586	0.6696
0.8588	0.6699
0.8589	0.6703
0.8591	0.6707
0.8592	0.6712
0.8594	0.6716
0.8595	0.6721
0.8596	0.6726
0.8598	0.673
0.8599	0.6734
0.8601	0.6737
0.8602	0.6739
0.8604	0.674
0.8605	0.674
0.8606	0.674
0.8608	0.6739
0.8609	0.6737
0.8611	0.6735
0.8612	0.6733
0.8614	0.6731
0.8615	0.6728
0.8616	0.6725
0.8618	0.6721
0.8619	0.6717
0.8621	0.6713
0.8622	0.6709
0.8624	0.6706
0.8625	0.6704
0.8626	0.6703
0.8628	0.6702
0.8629	0.6703
0.8631	0.6704
0.8632	0.6706
0.8634	0.6708
0.8635	0.671
0.8637	0.6711
0.8638	0.6712
0.8639	0.6713
0.8641	0.6713
0.8642	0.6713
0.8644	0.6714
0.8645	0.6714
0.8647	0.6715
0.8648	0.6716
0.865	0.6717
0.8651	0.6719
0.8652	0.6721
0.8654	0.6723
0.8655	0.6725
0.8657	0.6727
0.8658	0.6728
0.866	0.6729
0.8661	0.6729
0.8663	0.6728
0.8664	0.6726
0.8665	0.6725
0.8667	0.6723
0.8668	0.6722
0.867	0.6722
0.8671	0.6722
0.8673	0.6724
0.8674	0.6725
0.8676	0.6727
0.8677	0.6728
0.8678	0.6729
0.868	0.6728
0.8681	0.6727
0.8683	0.6724
0.8684	0.6721
0.8686	0.6717
0.8687	0.6714
0.8689	0.6711
0.869	0.6708
0.8692	0.6706
0.8693	0.6705
0.8694	0.6704
0.8696	0.6702
0.8697	0.6701
0.8699	0.6699
0.87	0.6697
0.8702	0.6695
0.8703	0.6692
0.8705	0.6691
0.8706	0.6689
0.8708	0.6688
0.8709	0.6688
0.8711	0.6689
0.8712	0.669
0.8713	0.6691
0.8715	0.6691
0.8716	0.6692
0.8718	0.6693
0.8719	0.6693
0.8721	0.6693
0.8722	0.6692
0.8724	0.6692
0.8725	0.6692
0.8727	0.6692
0.8728	0.6693
0.873	0.6694
0.8731	0.6695
0.8733	0.6696
0.8734	0.6696
0.8735	0.6697
0.8737	0.6697
0.8738	0.6696
0.874	0.6696
0.8741	0.6695
0.8743	0.6694
0.8744	0.6694
0.8746	0.6694
0.8747	0.6695
0.8749	0.6696
0.875	0.6697
0.8752	0.6699
0.8753	0.6701
0.8755	0.6703
0.8756	0.6704
0.8758	0.6706
0.8759	0.6706
0.8761	0.6707
0.8762	0.6708
0.8764	0.6709
0.8765	0.671
0.8766	0.6712
0.8768	0.6714
0.8769	0.6717
0.8771	0.6721
0.8772	0.6724
0.8774	0.6728
0.8775	0.6732
0.8777	0.6737
0.8778	0.674
0.878	0.6744
0.8781	0.6747
0.8783	0.6749
0.8784	0.675
0.8786	0.6751
0.8787	0.6751
0.8789	0.675
0.879	0.6748
0.8792	0.6746
0.8793	0.6744
0.8795	0.6742
0.8796	0.674
0.8798	0.6739
0.8799	0.6738
0.8801	0.6738
0.8802	0.6739
0.8804	0.674
0.8805	0.6741
0.8807	0.6742
0.8808	0.6743
0.881	0.6743
0.8811	0.6742
0.8813	0.6741
0.8814	0.6738
0.8816	0.6735
0.8817	0.6731
0.8819	0.6726
0.882	0.6722
0.8822	0.6718
0.8823	0.6715
0.8825	0.6713
0.8826	0.6712
0.8828	0.6711
0.8829	0.6711
0.8831	0.6712
0.8832	0.6713
0.8834	0.6715
0.8835	0.6716
0.8837	0.6718
0.8838	0.6721
0.884	0.6723
0.8841	0.6725
0.8843	0.6727
0.8844	0.6729
0.8846	0.673
0.8847	0.673
0.8849	0.673
0.885	0.6728
0.8852	0.6727
0.8853	0.6724
0.8855	0.6721
0.8856	0.6718
0.8858	0.6715
0.8859	0.6712
0.8861	0.671
0.8862	0.6707
0.8864	0.6705
0.8865	0.6704
0.8867	0.6703
0.8868	0.6702
0.887	0.6702
0.8871	0.6703
0.8873	0.6705
0.8875	0.6707
0.8876	0.671
0.8878	0.6713
0.8879	0.6716
0.8881	0.6719
0.8882	0.6722
0.8884	0.6725
0.8885	0.6727
0.8887	0.6729
0.8888	0.6729
0.889	0.6729
0.8891	0.6728
0.8893	0.6727
0.8894	0.6725
0.8896	0.6722
0.8897	0.672
0.8899	0.6719
0.89	0.6717
0.8902	0.6717
0.8903	0.6716
0.8905	0.6716
0.8907	0.6717
0.8908	0.6718
0.891	0.6719
0.8911	0.672
0.8913	0.6722
0.8914	0.6724
0.8916	0.6726
0.8917	0.6728
0.8919	0.673
0.892	0.6732
0.8922	0.6733
0.8923	0.6734
0.8925	0.6734
0.8926	0.6734
0.8928	0.6733
0.893	0.6731
0.8931	0.673
0.8933	0.6728
0.8934	0.6728
0.8936	0.6728
0.8937	0.6729
0.8939	0.6731
0.894	0.6733
0.8942	0.6737
0.8943	0.674
0.8945	0.6744
0.8946	0.6748
0.8948	0.6751
0.895	0.6754
0.8951	0.6757
0.8953	0.6759
0.8954	0.6761
0.8956	0.6762
0.8957	0.6763
0.8959	0.6763
0.896	0.6763
0.8962	0.6763
0.8963	0.6762
0.8965	0.676
0.8967	0.6758
0.8968	0.6755
0.897	0.6753
0.8971	0.675
0.8973	0.6748
0.8974	0.6746
0.8976	0.6745
0.8977	0.6743
0.8979	0.6743
0.8981	0.6742
0.8982	0.6742
0.8984	0.6741
0.8985	0.6741
0.8987	0.674
0.8988	0.6739
0.899	0.6738
0.8991	0.6737
0.8993	0.6736
0.8995	0.6736
0.8996	0.6736
0.8998	0.6736
0.8999	0.6736
0.9001	0.6736
0.9002	0.6737
0.9004	0.6737
0.9006	0.6737
0.9007	0.6738
0.9009	0.6738
0.901	0.6739
0.9012	0.6739
0.9013	0.674
0.9015	0.674
0.9016	0.6741
0.9018	0.6741
0.902	0.6742
0.9021	0.6743
0.9023	0.6743
0.9024	0.6744
0.9026	0.6744
0.9027	0.6744
0.9029	0.6744
0.9031	0.6744
0.9032	0.6744
0.9034	0.6744
0.9035	0.6743
0.9037	0.6743
0.9038	0.6743
0.904	0.6743
0.9042	0.6743
0.9043	0.6743
0.9045	0.6743
0.9046	0.6743
0.9048	0.6743
0.905	0.6744
0.9051	0.6745
0.9053	0.6746
0.9054	0.6747
0.9056	0.6748
0.9057	0.675
0.9059	0.6752
0.9061	0.6753
0.9062	0.6755
0.9064	0.6757
0.9065	0.6759
0.9067	0.6761
0.9069	0.6762
0.907	0.6764
0.9072	0.6766
0.9073	0.6767
0.9075	0.6768
0.9076	0.6769
0.9078	0.6768
0.908	0.6768
0.9081	0.6766
0.9083	0.6764
0.9084	0.6762
0.9086	0.6759
0.9088	0.6755
0.9089	0.6752
0.9091	0.6749
0.9092	0.6746
0.9094	0.6744
0.9096	0.6741
0.9097	0.674
0.9099	0.6739
0.91	0.674
0.9102	0.6741
0.9104	0.6742
0.9105	0.6745
0.9107	0.6747
0.9108	0.675
0.911	0.6753
0.9112	0.6755
0.9113	0.6756
0.9115	0.6757
0.9116	0.6757
0.9118	0.6756
0.912	0.6755
0.9121	0.6753
0.9123	0.6752
0.9124	0.6751
0.9126	0.675
0.9128	0.675
0.9129	0.675
0.9131	0.675
0.9132	0.6751
0.9134	0.6751
0.9136	0.675
0.9137	0.6749
0.9139	0.6748
0.914	0.6747
0.9142	0.6745
0.9144	0.6744
0.9145	0.6743
0.9147	0.6742
0.9149	0.6742
0.915	0.6742
0.9152	0.6743
0.9153	0.6744
0.9155	0.6745
0.9157	0.6746
0.9158	0.6747
0.916	0.6747
0.9161	0.6747
0.9163	0.6747
0.9165	0.6746
0.9166	0.6745
0.9168	0.6744
0.917	0.6743
0.9171	0.6743
0.9173	0.6743
0.9174	0.6744
0.9176	0.6745
0.9178	0.6748
0.9179	0.675
0.9181	0.6753
0.9183	0.6756
0.9184	0.6759
0.9186	0.6761
0.9187	0.6763
0.9189	0.6765
0.9191	0.6766
0.9192	0.6767
0.9194	0.6767
0.9196	0.6766
0.9197	0.6766
0.9199	0.6766
0.92	0.6765
0.9202	0.6765
0.9204	0.6764
0.9205	0.6764
0.9207	0.6764
0.9209	0.6763
0.921	0.6763
0.9212	0.6763
0.9214	0.6762
0.9215	0.6762
0.9217	0.6762
0.9218	0.6761
0.922	0.6761
0.9222	0.6762
0.9223	0.6762
0.9225	0.6762
0.9227	0.6763
0.9228	0.6763
0.923	0.6763
0.9232	0.6763
0.9233	0.6763
0.9235	0.6762
0.9237	0.6762
0.9238	0.6761
0.924	0.6761
0.9241	0.6761
0.9243	0.6761
0.9245	0.6762
0.9246	0.6762
0.9248	0.6763
0.925	0.6764
0.9251	0.6765
0.9253	0.6766
0.9255	0.6766
0.9256	0.6767
0.9258	0.6767
0.926	0.6766
0.9261	0.6766
0.9263	0.6766
0.9265	0.6765
0.9266	0.6766
0.9268	0.6766
0.927	0.6767
0.9271	0.6768
0.9273	0.677
0.9275	0.6771
0.9276	0.6773
0.9278	0.6774
0.9279	0.6776
0.9281	0.6776
0.9283	0.6777
0.9284	0.6776
0.9286	0.6776
0.9288	0.6775
0.9289	0.6774
0.9291	0.6772
0.9293	0.6771
0.9294	0.677
0.9296	0.6769
0.9298	0.6768
0.9299	0.6767
0.9301	0.6767
0.9303	0.6767
0.9304	0.6767
0.9306	0.6767
0.9308	0.6767
0.9309	0.6768
0.9311	0.6769
0.9313	0.677
0.9314	0.677
0.9316	0.6771
0.9318	0.6772
0.932	0.6772
0.9321	0.6772
0.9323	0.6773
0.9325	0.6773
0.9326	0.6773
0.9328	0.6773
0.933	0.6773
0.9331	0.6773
0.9333	0.6774
0.9335	0.6774
0.9336	0.6775
0.9338	0.6775
0.934	0.6775
0.9341	0.6776
0.9343	0.6776
0.9345	0.6775
0.9346	0.6775
0.9348	0.6774
0.935	0.6773
0.9351	0.6772
0.9353	0.6771
0.9355	0.6771
0.9357	0.677
0.9358	0.677
0.936	0.677
0.9362	0.6771
0.9363	0.6773
0.9365	0.6775
0.9367	0.6777
0.9368	0.6779
0.937	0.6782
0.9372	0.6784
0.9373	0.6786
0.9375	0.6787
0.9377	0.6788
0.9379	0.6788
0.938	0.6787
0.9382	0.6786
0.9384	0.6784
0.9385	0.6782
0.9387	0.678
0.9389	0.6778
0.939	0.6777
0.9392	0.6776
0.9394	0.6775
0.9396	0.6775
0.9397	0.6776
0.9399	0.6776
0.9401	0.6777
0.9402	0.6779
0.9404	0.678
0.9406	0.6782
0.9407	0.6783
0.9409	0.6784
0.9411	0.6786
0.9413	0.6787
0.9414	0.6787
0.9416	0.6788
0.9418	0.6788
0.9419	0.6789
0.9421	0.6789
0.9423	0.6789
0.9425	0.679
0.9426	0.679
0.9428	0.679
0.943	0.679
0.9431	0.679
0.9433	0.679
0.9435	0.679
0.9437	0.679
0.9438	0.6789
0.944	0.6789
0.9442	0.6789
0.9443	0.6788
0.9445	0.6788
0.9447	0.6788
0.9449	0.6789
0.945	0.6789
0.9452	0.679
0.9454	0.679
0.9455	0.6791
0.9457	0.6792
0.9459	0.6793
0.9461	0.6794
0.9462	0.6795
0.9464	0.6795
0.9466	0.6795
0.9468	0.6795
0.9469	0.6795
0.9471	0.6795
0.9473	0.6794
0.9474	0.6792
0.9476	0.6791
0.9478	0.679
0.948	0.6789
0.9481	0.6788
0.9483	0.6788
0.9485	0.6787
0.9487	0.6787
0.9488	0.6787
0.949	0.6786
0.9492	0.6786
0.9494	0.6785
0.9495	0.6785
0.9497	0.6784
0.9499	0.6784
0.9501	0.6783
0.9502	0.6783
0.9504	0.6783
0.9506	0.6784
0.9507	0.6784
0.9509	0.6785
0.9511	0.6785
0.9513	0.6786
0.9514	0.6786
0.9516	0.6787
0.9518	0.6788
0.952	0.6789
0.9521	0.6791
0.9523	0.6792
0.9525	0.6794
0.9527	0.6797
0.9528	0.6798
0.953	0.68
0.9532	0.6801
0.9534	0.6802
0.9535	0.6801
0.9537	0.6801
0.9539	0.6799
0.9541	0.6797
0.9542	0.6795
0.9544	0.6793
0.9546	0.6791
0.9548	0.6789
0.955	0.6787
0.9551	0.6786
0.9553	0.6786
0.9555	0.6786
0.9557	0.6786
0.9558	0.6788
0.956	0.6789
0.9562	0.6791
0.9564	0.6793
0.9565	0.6794
0.9567	0.6796
0.9569	0.6796
0.9571	0.6797
0.9572	0.6796
0.9574	0.6796
0.9576	0.6795
0.9578	0.6793
0.9579	0.6792
0.9581	0.679
0.9583	0.6789
0.9585	0.6788
0.9587	0.6787
0.9588	0.6786
0.959	0.6786
0.9592	0.6786
0.9594	0.6787
0.9595	0.6789
0.9597	0.6791
0.9599	0.6793
0.9601	0.6795
0.9603	0.6797
0.9604	0.6798
0.9606	0.6799
0.9608	0.6799
0.961	0.6799
0.9611	0.6798
0.9613	0.6797
0.9615	0.6797
0.9617	0.6796
0.9619	0.6796
0.962	0.6797
0.9622	0.6798
0.9624	0.68
0.9626	0.6802
0.9628	0.6805
0.9629	0.6807
0.9631	0.681
0.9633	0.6813
0.9635	0.6816
0.9636	0.6818
0.9638	0.6819
0.964	0.682
0.9642	0.682
0.9644	0.682
0.9645	0.682
0.9647	0.6819
0.9649	0.6817
0.9651	0.6816
0.9653	0.6815
0.9654	0.6814
0.9656	0.6813
0.9658	0.6812
0.966	0.6811
0.9662	0.6811
0.9663	0.6811
0.9665	0.6811
0.9667	0.6812
0.9669	0.6812
0.9671	0.6813
0.9672	0.6813
0.9674	0.6813
0.9676	0.6813
0.9678	0.6813
0.968	0.6812
0.9681	0.6811
0.9683	0.681
0.9685	0.6809
0.9687	0.6808
0.9689	0.6807
0.969	0.6807
0.9692	0.6806
0.9694	0.6806
0.9696	0.6806
0.9698	0.6807
0.97	0.6807
0.9701	0.6808
0.9703	0.6809
0.9705	0.681
0.9707	0.6811
0.9709	0.6811
0.971	0.681
0.9712	0.681
0.9714	0.6808
0.9716	0.6807
0.9718	0.6805
0.972	0.6803
0.9721	0.6802
0.9723	0.68
0.9725	0.6799
0.9727	0.6798
0.9729	0.6798
0.973	0.6798
0.9732	0.6798
0.9734	0.6798
0.9736	0.6799
0.9738	0.68
0.974	0.6801
0.9741	0.6803
0.9743	0.6804
0.9745	0.6806
0.9747	0.6808
0.9749	0.6809
0.9751	0.681
0.9752	0.6811
0.9754	0.6812
0.9756	0.6812
0.9758	0.6813
0.976	0.6813
0.9762	0.6813
0.9763	0.6812
0.9765	0.6812
0.9767	0.6812
0.9769	0.6812
0.9771	0.6812
0.9773	0.6812
0.9775	0.6812
0.9776	0.6812
0.9778	0.6812
0.978	0.6812
0.9782	0.6812
0.9784	0.6812
0.9786	0.6812
0.9787	0.6813
0.9789	0.6813
0.9791	0.6813
0.9793	0.6814
0.9795	0.6815
0.9797	0.6815
0.9799	0.6816
0.98	0.6817
0.9802	0.6817
0.9804	0.6818
0.9806	0.6818
0.9808	0.6818
0.981	0.6819
0.9812	0.6819
0.9813	0.682
0.9815	0.682
0.9817	0.6821
0.9819	0.6822
0.9821	0.6822
0.9823	0.6823
0.9825	0.6823
0.9826	0.6823
0.9828	0.6823
0.983	0.6822
0.9832	0.6821
0.9834	0.6819
0.9836	0.6817
0.9838	0.6815
0.9839	0.6813
0.9841	0.6811
0.9843	0.6809
0.9845	0.6808
0.9847	0.6807
0.9849	0.6806
0.9851	0.6806
0.9853	0.6806
0.9854	0.6806
0.9856	0.6806
0.9858	0.6807
0.986	0.6807
0.9862	0.6808
0.9864	0.6809
0.9866	0.6809
0.9868	0.681
0.9869	0.6811
0.9871	0.6812
0.9873	0.6814
0.9875	0.6815
0.9877	0.6816
0.9879	0.6817
0.9881	0.6818
0.9883	0.6818
0.9884	0.6819
0.9886	0.6819
0.9888	0.6819
0.989	0.6819
0.9892	0.6818
0.9894	0.6818
0.9896	0.6817
0.9898	0.6817
0.99	0.6816
0.9901	0.6816
0.9903	0.6815
0.9905	0.6815
0.9907	0.6815
0.9909	0.6815
0.9911	0.6816
0.9913	0.6817
0.9915	0.6818
0.9917	0.6819
0.9918	0.682
0.992	0.6821
0.9922	0.6822
0.9924	0.6823
0.9926	0.6823
0.9928	0.6823
0.993	0.6823
0.9932	0.6822
0.9934	0.6821
0.9936	0.682
0.9937	0.6819
0.9939	0.6817
0.9941	0.6816
0.9943	0.6815
0.9945	0.6815
0.9947	0.6814
0.9949	0.6815
0.9951	0.6815
0.9953	0.6816
0.9955	0.6818
0.9957	0.682
0.9958	0.6822
0.996	0.6824
0.9962	0.6826
0.9964	0.6828
0.9966	0.6829
0.9968	0.6831
0.997	0.6831
0.9972	0.6831
0.9974	0.6831
0.9976	0.6831
0.9978	0.683
0.998	0.683
0.9981	0.6829
0.9983	0.6828
0.9985	0.6828
0.9987	0.6827
0.9989	0.6827
0.9991	0.6828
0.9993	0.6828
0.9995	0.6829
0.9997	0.683
0.9999	0.6831
1.0001	0.6832
1.0003	0.6833
1.0005	0.6834
1.0007	0.6835
1.0008	0.6835
1.001	0.6834
1.0012	0.6833
1.0014	0.6832
1.0016	0.6831
1.0018	0.683
1.002	0.683
1.0022	0.6829
1.0024	0.6829
1.0026	0.6829
1.0028	0.6829
1.003	0.6829
1.0032	0.6829
1.0034	0.6829
1.0036	0.6829
1.0038	0.6828
1.0039	0.6827
1.0041	0.6826
1.0043	0.6825
1.0045	0.6824
1.0047	0.6823
1.0049	0.6822
1.0051	0.6822
1.0053	0.6822
1.0055	0.6822
1.0057	0.6822
1.0059	0.6822
1.0061	0.6822
1.0063	0.6823
1.0065	0.6823
1.0067	0.6823
1.0069	0.6822
1.0071	0.6822
1.0073	0.6821
1.0075	0.6821
1.0077	0.682
1.0078	0.6819
1.008	0.6819
1.0082	0.6818
1.0084	0.6818
1.0086	0.6818
1.0088	0.6818
1.009	0.6818
1.0092	0.6819
1.0094	0.682
1.0096	0.6821
1.0098	0.6823
1.01	0.6824
1.0102	0.6826
1.0104	0.6827
1.0106	0.6829
1.0108	0.683
1.011	0.6831
1.0112	0.6832
1.0114	0.6832
1.0116	0.6832
1.0118	0.6832
1.012	0.6832
1.0122	0.6832
1.0124	0.6832
1.0126	0.6831
1.0128	0.6831
1.013	0.683
1.0132	0.683
1.0134	0.6829
1.0136	0.6829
1.0138	0.6829
1.014	0.6829
1.0142	0.6829
1.0144	0.6829
1.0146	0.6829
1.0148	0.683
1.015	0.6831
1.0151	0.6831
1.0153	0.6832
1.0155	0.6832
1.0157	0.6832
1.0159	0.6832
1.0161	0.6832
1.0163	0.6831
1.0165	0.6831
1.0167	0.683
1.0169	0.683
1.0171	0.683
1.0173	0.683
1.0175	0.6831
1.0177	0.6831
1.0179	0.6832
1.0181	0.6833
1.0183	0.6834
1.0185	0.6835
1.0187	0.6836
1.0189	0.6837
1.0191	0.6837
1.0193	0.6838
1.0195	0.6839
1.0197	0.6839
1.0199	0.6839
1.0201	0.6839
1.0203	0.6838
1.0205	0.6838
1.0207	0.6837
1.0209	0.6836
1.0211	0.6835
1.0213	0.6834
1.0215	0.6833
1.0218	0.6831
1.022	0.683
1.0222	0.683
1.0224	0.6829
1.0226	0.6829
1.0228	0.6829
1.023	0.6829
1.0232	0.6829
1.0234	0.6829
1.0236	0.683
1.0238	0.683
1.024	0.683
1.0242	0.683
1.0244	0.6831
1.0246	0.6831
1.0248	0.6831
1.025	0.6831
1.0252	0.6832
1.0254	0.6832
1.0256	0.6833
1.0258	0.6835
1.026	0.6836
1.0262	0.6838
1.0264	0.6839
1.0266	0.684
1.0268	0.684
1.027	0.6841
1.0272	0.684
1.0274	0.684
1.0276	0.6839
1.0278	0.6839
1.028	0.6838
1.0282	0.6837
1.0284	0.6835
1.0286	0.6834
1.0288	0.6833
1.029	0.6832
1.0293	0.6832
1.0295	0.6831
1.0297	0.6831
1.0299	0.6831
1.0301	0.6832
1.0303	0.6832
1.0305	0.6833
1.0307	0.6834
1.0309	0.6834
1.0311	0.6834
1.0313	0.6834
1.0315	0.6834
1.0317	0.6834
1.0319	0.6834
1.0321	0.6834
1.0323	0.6833
1.0325	0.6834
1.0327	0.6834
1.0329	0.6834
1.0332	0.6834
1.0334	0.6835
1.0336	0.6836
1.0338	0.6836
1.034	0.6837
1.0342	0.6838
1.0344	0.6838
1.0346	0.6839
1.0348	0.684
1.035	0.684
1.0352	0.6841
1.0354	0.6841
1.0356	0.6841
1.0358	0.6841
1.036	0.6841
1.0362	0.6841
1.0365	0.6842
1.0367	0.6842
1.0369	0.6843
1.0371	0.6843
1.0373	0.6844
1.0375	0.6844
1.0377	0.6844
1.0379	0.6844
1.0381	0.6843
1.0383	0.6842
1.0385	0.6841
1.0387	0.6839
1.0389	0.6838
1.0392	0.6836
1.0394	0.6835
1.0396	0.6834
1.0398	0.6834
1.04	0.6833
1.0402	0.6833
1.0404	0.6834
1.0406	0.6834
1.0408	0.6835
1.041	0.6835
1.0412	0.6836
1.0415	0.6837
1.0417	0.6838
1.0419	0.6838
1.0421	0.6839
1.0423	0.684
1.0425	0.6841
1.0427	0.6841
1.0429	0.6842
1.0431	0.6842
1.0433	0.6843
1.0435	0.6843
1.0438	0.6844
1.044	0.6845
1.0442	0.6846
1.0444	0.6847
1.0446	0.6848
1.0448	0.6848
1.045	0.6849
1.0452	0.6849
1.0454	0.6848
1.0457	0.6848
1.0459	0.6847
1.0461	0.6845
1.0463	0.6844
1.0465	0.6842
1.0467	0.6841
1.0469	0.684
1.0471	0.6839
1.0473	0.6838
1.0476	0.6837
1.0478	0.6837
1.048	0.6837
1.0482	0.6837
1.0484	0.6837
1.0486	0.6837
1.0488	0.6837
1.049	0.6837
1.0492	0.6838
1.0495	0.6838
1.0497	0.6838
1.0499	0.6838
1.0501	0.6838
1.0503	0.6838
1.0505	0.6838
1.0507	0.6839
1.0509	0.684
1.0512	0.684
1.0514	0.6842
1.0516	0.6843
1.0518	0.6844
1.052	0.6846
1.0522	0.6848
1.0524	0.6849
1.0527	0.6851
1.0529	0.6852
1.0531	0.6853
1.0533	0.6854
1.0535	0.6854
1.0537	0.6854
1.0539	0.6853
1.0542	0.6852
1.0544	0.6851
1.0546	0.6849
1.0548	0.6847
1.055	0.6845
1.0552	0.6843
1.0554	0.6842
1.0557	0.684
1.0559	0.6839
1.0561	0.6839
1.0563	0.6838
1.0565	0.6839
1.0567	0.6839
1.0569	0.684
1.0572	0.6841
1.0574	0.6842
1.0576	0.6844
1.0578	0.6845
1.058	0.6846
1.0582	0.6847
1.0585	0.6848
1.0587	0.6849
1.0589	0.6849
1.0591	0.685
1.0593	0.685
1.0595	0.6851
1.0598	0.6851
1.06	0.6851
1.0602	0.6852
1.0604	0.6851
1.0606	0.6851
1.0608	0.685
1.0611	0.6849
1.0613	0.6848
1.0615	0.6846
1.0617	0.6845
1.0619	0.6844
1.0621	0.6842
1.0624	0.6841
1.0626	0.684
1.0628	0.684
1.063	0.684
1.0632	0.684
1.0634	0.684
1.0637	0.6841
1.0639	0.6842
1.0641	0.6843
1.0643	0.6844
1.0645	0.6845
1.0648	0.6847
1.065	0.6849
1.0652	0.6851
1.0654	0.6852
1.0656	0.6854
1.0659	0.6855
1.0661	0.6856
1.0663	0.6856
1.0665	0.6856
1.0667	0.6856
1.067	0.6855
1.0672	0.6855
1.0674	0.6854
1.0676	0.6854
1.0678	0.6853
1.068	0.6853
1.0683	0.6853
1.0685	0.6852
1.0687	0.6852
1.0689	0.6852
1.0692	0.6852
1.0694	0.6851
1.0696	0.6851
1.0698	0.685
1.07	0.685
1.0703	0.685
1.0705	0.6849
1.0707	0.6849
1.0709	0.685
1.0711	0.685
1.0714	0.685
1.0716	0.685
1.0718	0.6851
1.072	0.6851
1.0722	0.685
1.0725	0.685
1.0727	0.6849
1.0729	0.6849
1.0731	0.6848
1.0734	0.6847
1.0736	0.6847
1.0738	0.6846
1.074	0.6846
1.0742	0.6846
1.0745	0.6846
1.0747	0.6846
1.0749	0.6847
1.0751	0.6847
1.0754	0.6847
1.0756	0.6848
1.0758	0.6849
1.076	0.6849
1.0763	0.685
1.0765	0.6851
1.0767	0.6852
1.0769	0.6853
1.0771	0.6853
1.0774	0.6854
1.0776	0.6854
1.0778	0.6854
1.078	0.6853
1.0783	0.6853
1.0785	0.6852
1.0787	0.6851
1.0789	0.685
1.0792	0.6849
1.0794	0.6849
1.0796	0.6848
1.0798	0.6848
1.0801	0.6848
1.0803	0.6849
1.0805	0.6849
1.0807	0.685
1.081	0.685
1.0812	0.6851
1.0814	0.6851
1.0816	0.6851
1.0819	0.685
1.0821	0.685
1.0823	0.6849
1.0825	0.6849
1.0828	0.6849
1.083	0.6848
1.0832	0.6849
1.0834	0.6849
1.0837	0.685
1.0839	0.6851
1.0841	0.6852
1.0844	0.6853
1.0846	0.6854
1.0848	0.6856
1.085	0.6857
1.0853	0.6858
1.0855	0.6859
1.0857	0.686
1.0859	0.6861
1.0862	0.6861
1.0864	0.6861
1.0866	0.6861
1.0869	0.686
1.0871	0.686
1.0873	0.6859
1.0875	0.6858
1.0878	0.6857
1.088	0.6856
1.0882	0.6856
1.0885	0.6855
1.0887	0.6855
1.0889	0.6854
1.0891	0.6854
1.0894	0.6854
1.0896	0.6854
1.0898	0.6854
1.0901	0.6854
1.0903	0.6854
1.0905	0.6854
1.0907	0.6854
1.091	0.6853
1.0912	0.6853
1.0914	0.6853
1.0917	0.6852
1.0919	0.6852
1.0921	0.6851
1.0923	0.6851
1.0926	0.6851
1.0928	0.6851
1.093	0.6851
1.0933	0.6851
1.0935	0.6851
1.0937	0.6852
1.094	0.6852
1.0942	0.6852
1.0944	0.6853
1.0947	0.6853
1.0949	0.6853
1.0951	0.6854
1.0953	0.6854
1.0956	0.6854
1.0958	0.6854
1.096	0.6855
1.0963	0.6855
1.0965	0.6855
1.0967	0.6855
1.097	0.6855
1.0972	0.6855
1.0974	0.6855
1.0977	0.6854
1.0979	0.6853
1.0981	0.6853
1.0984	0.6852
1.0986	0.6851
1.0988	0.6851
1.0991	0.6851
1.0993	0.685
1.0995	0.685
1.0998	0.685
1.1	0.685
1.1002	0.685
1.1005	0.6851
1.1007	0.6851
1.1009	0.6851
1.1012	0.6851
1.1014	0.6851
1.1016	0.6851
1.1019	0.6851
1.1021	0.6851
1.1023	0.6851
1.1026	0.6851
1.1028	0.6851
1.103	0.6852
1.1033	0.6853
1.1035	0.6853
1.1037	0.6854
1.104	0.6855
1.1042	0.6856
1.1044	0.6856
1.1047	0.6856
1.1049	0.6856
1.1052	0.6856
1.1054	0.6855
1.1056	0.6855
1.1059	0.6854
1.1061	0.6854
1.1063	0.6853
1.1066	0.6853
1.1068	0.6853
1.107	0.6853
1.1073	0.6854
1.1075	0.6854
1.1078	0.6855
1.108	0.6855
1.1082	0.6856
1.1085	0.6857
1.1087	0.6858
1.1089	0.6859
1.1092	0.686
1.1094	0.686
1.1096	0.6861
1.1099	0.6862
1.1101	0.6862
1.1104	0.6862
1.1106	0.6862
1.1108	0.6862
1.1111	0.6862
1.1113	0.6861
1.1116	0.6861
1.1118	0.6861
1.112	0.686
1.1123	0.686
1.1125	0.6859
1.1127	0.6859
1.113	0.6858
1.1132	0.6858
1.1135	0.6858
1.1137	0.6858
1.1139	0.6858
1.1142	0.6858
1.1144	0.6858
1.1147	0.6858
1.1149	0.6858
1.1151	0.6859
1.1154	0.6859
1.1156	0.6859
1.1159	0.6859
1.1161	0.6859
1.1163	0.6859
1.1166	0.6859
1.1168	0.6859
1.1171	0.6859
1.1173	0.6859
1.1175	0.6859
1.1178	0.686
1.118	0.686
1.1183	0.686
1.1185	0.6861
1.1187	0.6861
1.119	0.6861
1.1192	0.6861
1.1195	0.6861
1.1197	0.6861
1.12	0.6861
1.1202	0.6861
1.1204	0.686
1.1207	0.686
1.1209	0.6859
1.1212	0.6858
1.1214	0.6858
1.1216	0.6857
1.1219	0.6857
1.1221	0.6857
1.1224	0.6856
1.1226	0.6856
1.1229	0.6856
1.1231	0.6856
1.1233	0.6857
1.1236	0.6857
1.1238	0.6857
1.1241	0.6857
1.1243	0.6858
1.1246	0.6858
1.1248	0.6859
1.1251	0.6859
1.1253	0.686
1.1255	0.6861
1.1258	0.6861
1.126	0.6862
1.1263	0.6862
1.1265	0.6863
1.1268	0.6862
1.127	0.6862
1.1273	0.6862
1.1275	0.6861
1.1277	0.6861
1.128	0.686
1.1282	0.686
1.1285	0.686
1.1287	0.686
1.129	0.686
1.1292	0.6861
1.1295	0.6861
1.1297	0.6862
1.13	0.6862
1.1302	0.6863
1.1305	0.6864
1.1307	0.6865
1.1309	0.6866
1.1312	0.6867
1.1314	0.6868
1.1317	0.6868
1.1319	0.6869
1.1322	0.6869
1.1324	0.6868
1.1327	0.6868
1.1329	0.6866
1.1332	0.6865
1.1334	0.6864
1.1337	0.6863
1.1339	0.6862
1.1342	0.6861
1.1344	0.6861
1.1347	0.6861
1.1349	0.6861
1.1352	0.6862
1.1354	0.6862
1.1357	0.6863
1.1359	0.6864
1.1361	0.6865
1.1364	0.6866
1.1366	0.6866
1.1369	0.6867
1.1371	0.6867
1.1374	0.6867
1.1376	0.6867
1.1379	0.6867
1.1381	0.6866
1.1384	0.6866
1.1386	0.6865
1.1389	0.6865
1.1391	0.6865
1.1394	0.6865
1.1396	0.6865
1.1399	0.6866
1.1401	0.6866
1.1404	0.6866
1.1406	0.6866
1.1409	0.6865
1.1411	0.6865
1.1414	0.6864
1.1417	0.6863
1.1419	0.6861
1.1422	0.686
1.1424	0.6859
1.1427	0.6858
1.1429	0.6857
1.1432	0.6856
1.1434	0.6856
1.1437	0.6856
1.1439	0.6856
1.1442	0.6856
1.1444	0.6857
1.1447	0.6857
1.1449	0.6858
1.1452	0.6859
1.1454	0.6859
1.1457	0.686
1.1459	0.686
1.1462	0.686
1.1464	0.6861
1.1467	0.6861
1.147	0.6862
1.1472	0.6863
1.1475	0.6865
1.1477	0.6866
1.148	0.6868
1.1482	0.6869
1.1485	0.687
1.1487	0.6871
1.149	0.6872
1.1492	0.6873
1.1495	0.6873
1.1498	0.6873
1.15	0.6873
1.1503	0.6873
1.1505	0.6873
1.1508	0.6873
1.151	0.6872
1.1513	0.6871
1.1515	0.6871
1.1518	0.687
1.1521	0.6869
1.1523	0.6868
1.1526	0.6867
1.1528	0.6867
1.1531	0.6866
1.1533	0.6866
1.1536	0.6865
1.1538	0.6866
1.1541	0.6866
1.1544	0.6867
1.1546	0.6868
1.1549	0.6869
1.1551	0.687
1.1554	0.6871
1.1556	0.6872
1.1559	0.6872
1.1562	0.6873
1.1564	0.6872
1.1567	0.6872
1.1569	0.6871
1.1572	0.6871
1.1575	0.687
1.1577	0.6869
1.158	0.6869
1.1582	0.6868
1.1585	0.6868
1.1587	0.6868
1.159	0.6867
1.1593	0.6867
1.1595	0.6867
1.1598	0.6867
1.16	0.6867
1.1603	0.6867
1.1606	0.6867
1.1608	0.6868
1.1611	0.6868
1.1613	0.6869
1.1616	0.687
1.1619	0.6871
1.1621	0.6872
1.1624	0.6874
1.1626	0.6875
1.1629	0.6876
1.1632	0.6877
1.1634	0.6878
1.1637	0.6879
1.1639	0.6879
1.1642	0.6879
1.1645	0.6878
1.1647	0.6878
1.165	0.6878
1.1653	0.6878
1.1655	0.6878
1.1658	0.6877
1.166	0.6877
1.1663	0.6876
1.1666	0.6875
1.1668	0.6874
1.1671	0.6873
1.1674	0.6872
1.1676	0.687
1.1679	0.6869
1.1681	0.6868
1.1684	0.6868
1.1687	0.6867
1.1689	0.6867
1.1692	0.6867
1.1695	0.6867
1.1697	0.6867
1.17	0.6867
1.1703	0.6868
1.1705	0.6868
1.1708	0.6868
1.171	0.6869
1.1713	0.6869
1.1716	0.687
1.1718	0.6871
1.1721	0.6872
1.1724	0.6873
1.1726	0.6874
1.1729	0.6876
1.1732	0.6877
1.1734	0.6878
1.1737	0.6879
1.174	0.6879
1.1742	0.6879
1.1745	0.6879
1.1748	0.6878
1.175	0.6876
1.1753	0.6875
1.1756	0.6874
1.1758	0.6873
1.1761	0.6872
1.1764	0.6872
1.1766	0.6872
1.1769	0.6872
1.1772	0.6873
1.1774	0.6874
1.1777	0.6875
1.178	0.6876
1.1782	0.6877
1.1785	0.6877
1.1788	0.6878
1.179	0.6879
1.1793	0.6879
1.1796	0.6879
1.1798	0.688
1.1801	0.688
1.1804	0.688
1.1806	0.688
1.1809	0.6881
1.1812	0.6881
1.1814	0.6882
1.1817	0.6882
1.182	0.6882
1.1823	0.6882
1.1825	0.6882
1.1828	0.6881
1.1831	0.688
1.1833	0.6879
1.1836	0.6877
1.1839	0.6876
1.1841	0.6875
1.1844	0.6874
1.1847	0.6874
1.185	0.6874
1.1852	0.6875
1.1855	0.6876
1.1858	0.6877
1.186	0.6878
1.1863	0.6879
1.1866	0.688
1.1869	0.688
1.1871	0.688
1.1874	0.688
1.1877	0.6879
1.1879	0.6879
1.1882	0.6878
1.1885	0.6877
1.1888	0.6877
1.189	0.6876
1.1893	0.6876
1.1896	0.6876
1.1899	0.6875
1.1901	0.6875
1.1904	0.6874
1.1907	0.6873
1.1909	0.6872
1.1912	0.6871
1.1915	0.687
1.1918	0.6869
1.192	0.6868
1.1923	0.6868
1.1926	0.6867
1.1929	0.6867
1.1931	0.6868
1.1934	0.6868
1.1937	0.6869
1.194	0.6871
1.1942	0.6872
1.1945	0.6873
1.1948	0.6875
1.1951	0.6876
1.1953	0.6877
1.1956	0.6878
1.1959	0.6878
1.1962	0.6879
1.1964	0.6879
1.1967	0.6878
1.197	0.6878
1.1973	0.6877
1.1975	0.6877
1.1978	0.6876
1.1981	0.6876
1.1984	0.6876
1.1987	0.6876
1.1989	0.6876
1.1992	0.6876
1.1995	0.6876
1.1998	0.6876
1.2	0.6876
1.2003	0.6876
1.2006	0.6876
1.2009	0.6876
1.2012	0.6875
1.2014	0.6875
1.2017	0.6875
1.202	0.6875
1.2023	0.6875
1.2025	0.6875
1.2028	0.6875
1.2031	0.6875
1.2034	0.6875
1.2037	0.6875
1.2039	0.6875
1.2042	0.6876
1.2045	0.6876
1.2048	0.6876
1.2051	0.6877
1.2053	0.6877
1.2056	0.6877
1.2059	0.6877
1.2062	0.6877
1.2065	0.6877
1.2067	0.6877
1.207	0.6876
1.2073	0.6876
1.2076	0.6875
1.2079	0.6874
1.2082	0.6873
1.2084	0.6873
1.2087	0.6872
1.209	0.6871
1.2093	0.6871
1.2096	0.687
1.2098	0.687
1.2101	0.687
1.2104	0.6871
1.2107	0.6871
1.211	0.6872
1.2113	0.6873
1.2115	0.6873
1.2118	0.6874
1.2121	0.6874
1.2124	0.6874
1.2127	0.6874
1.213	0.6873
1.2132	0.6872
1.2135	0.6871
1.2138	0.6869
1.2141	0.6868
1.2144	0.6867
1.2147	0.6866
1.2149	0.6866
1.2152	0.6867
1.2155	0.6868
1.2158	0.6869
1.2161	0.687
1.2164	0.6872
1.2167	0.6874
1.2169	0.6875
1.2172	0.6876
1.2175	0.6876
1.2178	0.6877
1.2181	0.6877
1.2184	0.6877
1.2187	0.6877
1.2189	0.6878
1.2192	0.6879
1.2195	0.688
1.2198	0.6881
1.2201	0.6882
1.2204	0.6883
1.2207	0.6884
1.221	0.6884
1.2212	0.6884
1.2215	0.6883
1.2218	0.6882
1.2221	0.6881
1.2224	0.688
1.2227	0.6879
1.223	0.6878
1.2233	0.6877
1.2235	0.6877
1.2238	0.6877
1.2241	0.6878
1.2244	0.6878
1.2247	0.6879
1.225	0.688
1.2253	0.6881
1.2256	0.6882
1.2259	0.6882
1.2261	0.6882
1.2264	0.6882
1.2267	0.6882
1.227	0.6881
1.2273	0.6881
1.2276	0.688
1.2279	0.6879
1.2282	0.6878
1.2285	0.6878
1.2288	0.6877
1.2291	0.6877
1.2293	0.6877
1.2296	0.6877
1.2299	0.6877
1.2302	0.6877
1.2305	0.6876
1.2308	0.6876
1.2311	0.6875
1.2314	0.6874
1.2317	0.6873
1.232	0.6873
1.2323	0.6872
1.2326	0.6872
1.2329	0.6872
1.2331	0.6872
1.2334	0.6872
1.2337	0.6873
1.234	0.6873
1.2343	0.6873
1.2346	0.6872
1.2349	0.6871
1.2352	0.687
1.2355	0.6869
1.2358	0.6867
1.2361	0.6866
1.2364	0.6866
1.2367	0.6866
1.237	0.6867
1.2373	0.6869
1.2376	0.6871
1.2379	0.6873
1.2382	0.6876
1.2384	0.6878
1.2387	0.6881
1.239	0.6883
1.2393	0.6884
1.2396	0.6885
1.2399	0.6885
1.2402	0.6885
1.2405	0.6885
1.2408	0.6884
1.2411	0.6883
1.2414	0.6882
1.2417	0.6881
1.242	0.6881
1.2423	0.6881
1.2426	0.6881
1.2429	0.6881
1.2432	0.6882
1.2435	0.6882
1.2438	0.6883
1.2441	0.6883
1.2444	0.6883
1.2447	0.6882
1.245	0.6881
1.2453	0.688
1.2456	0.6879
1.2459	0.6877
1.2462	0.6875
1.2465	0.6874
1.2468	0.6872
1.2471	0.6871
1.2474	0.6869
1.2477	0.6868
1.248	0.6866
1.2483	0.6865
1.2486	0.6864
1.2489	0.6862
1.2492	0.686
1.2495	0.6859
1.2498	0.6857
1.2501	0.6856
1.2504	0.6855
1.2507	0.6854
1.251	0.6854
1.2513	0.6855
1.2516	0.6857
1.2519	0.6859
1.2522	0.6862
1.2525	0.6864
1.2528	0.6868
1.2531	0.687
1.2534	0.6873
1.2537	0.6874
1.254	0.6875
1.2543	0.6875
1.2546	0.6874
1.2549	0.6872
1.2552	0.687
1.2555	0.6868
1.2558	0.6865
1.2561	0.6864
1.2565	0.6862
1.2568	0.6862
1.2571	0.6862
1.2574	0.6862
1.2577	0.6863
1.258	0.6864
1.2583	0.6865
1.2586	0.6867
1.2589	0.6868
1.2592	0.687
1.2595	0.6871
1.2598	0.6873
1.2601	0.6874
1.2604	0.6876
1.2607	0.6877
1.261	0.6879
1.2613	0.688
1.2617	0.688
1.262	0.688
1.2623	0.688
1.2626	0.688
1.2629	0.6879
1.2632	0.6878
1.2635	0.6877
1.2638	0.6876
1.2641	0.6875
1.2644	0.6875
1.2647	0.6875
1.265	0.6876
1.2653	0.6877
1.2657	0.6877
1.266	0.6878
1.2663	0.6878
1.2666	0.6878
1.2669	0.6877
1.2672	0.6877
1.2675	0.6877
1.2678	0.6877
1.2681	0.6878
1.2684	0.6879
1.2688	0.6881
1.2691	0.6883
1.2694	0.6886
1.2697	0.6888
1.27	0.6891
1.2703	0.6892
1.2706	0.6894
1.2709	0.6894
1.2712	0.6894
1.2716	0.6894
1.2719	0.6892
1.2722	0.6891
1.2725	0.6889
1.2728	0.6886
1.2731	0.6884
1.2734	0.6882
1.2737	0.688
1.274	0.6878
1.2744	0.6877
1.2747	0.6875
1.275	0.6873
1.2753	0.6872
1.2756	0.687
1.2759	0.6869
1.2762	0.6868
1.2766	0.6867
1.2769	0.6867
1.2772	0.6867
1.2775	0.6868
1.2778	0.6869
1.2781	0.687
1.2784	0.6872
1.2788	0.6874
1.2791	0.6875
1.2794	0.6876
1.2797	0.6877
1.28	0.6878
1.2803	0.6878
1.2807	0.6877
1.281	0.6876
1.2813	0.6875
1.2816	0.6874
1.2819	0.6873
1.2822	0.6873
1.2826	0.6872
1.2829	0.6872
1.2832	0.6872
1.2835	0.6872
1.2838	0.6873
1.2841	0.6873
1.2845	0.6874
1.2848	0.6874
1.2851	0.6873
1.2854	0.6873
1.2857	0.6872
1.2861	0.687
1.2864	0.6869
1.2867	0.6868
1.287	0.6867
1.2873	0.6867
1.2877	0.6867
1.288	0.6868
1.2883	0.6868
1.2886	0.6869
1.2889	0.687
1.2893	0.687
1.2896	0.6871
1.2899	0.6871
1.2902	0.6871
1.2905	0.6871
1.2909	0.6871
1.2912	0.6871
1.2915	0.6871
1.2918	0.6871
1.2921	0.6871
1.2925	0.6871
1.2928	0.6871
1.2931	0.687
1.2934	0.687
1.2938	0.6869
1.2941	0.6869
1.2944	0.6869
1.2947	0.6868
1.2951	0.6869
1.2954	0.6869
1.2957	0.6869
1.296	0.687
1.2963	0.687
1.2967	0.687
1.297	0.6871
1.2973	0.687
1.2976	0.687
1.298	0.687
1.2983	0.6869
1.2986	0.6869
1.2989	0.6869
1.2993	0.687
1.2996	0.6871
1.2999	0.6872
1.3002	0.6873
1.3006	0.6874
1.3009	0.6875
1.3012	0.6875
1.3016	0.6875
1.3019	0.6876
1.3022	0.6876
1.3025	0.6876
1.3029	0.6877
1.3032	0.6877
1.3035	0.6878
1.3038	0.6878
1.3042	0.6878
1.3045	0.6877
1.3048	0.6876
1.3052	0.6875
1.3055	0.6873
1.3058	0.6871
1.3061	0.687
1.3065	0.6868
1.3068	0.6867
1.3071	0.6866
1.3075	0.6866
1.3078	0.6866
1.3081	0.6866
1.3084	0.6865
1.3088	0.6865
1.3091	0.6865
1.3094	0.6864
1.3098	0.6864
1.3101	0.6863
1.3104	0.6862
1.3108	0.6862
1.3111	0.6861
1.3114	0.6861
1.3118	0.6861
1.3121	0.6861
1.3124	0.6862
1.3128	0.6863
1.3131	0.6863
1.3134	0.6864
1.3138	0.6865
1.3141	0.6866
1.3144	0.6867
1.3148	0.6868
1.3151	0.6869
1.3154	0.687
1.3158	0.6872
1.3161	0.6873
1.3164	0.6874
1.3168	0.6875
1.3171	0.6877
1.3174	0.6878
1.3178	0.6879
1.3181	0.6881
1.3184	0.6882
1.3188	0.6883
1.3191	0.6884
1.3194	0.6886
1.3198	0.6886
1.3201	0.6887
1.3204	0.6887
1.3208	0.6886
1.3211	0.6885
1.3215	0.6883
1.3218	0.688
1.3221	0.6877
1.3225	0.6874
1.3228	0.6872
1.3231	0.6869
1.3235	0.6867
1.3238	0.6866
1.3242	0.6865
1.3245	0.6865
1.3248	0.6866
1.3252	0.6867
1.3255	0.6869
1.3258	0.6871
1.3262	0.6873
1.3265	0.6875
1.3269	0.6877
1.3272	0.6879
1.3275	0.6881
1.3279	0.6882
1.3282	0.6882
1.3286	0.6881
1.3289	0.688
1.3292	0.6879
1.3296	0.6877
1.3299	0.6875
1.3303	0.6874
1.3306	0.6873
1.331	0.6872
1.3313	0.6871
1.3316	0.6871
1.332	0.6871
1.3323	0.6871
1.3327	0.6871
1.333	0.6871
1.3333	0.6871
1.3337	0.6871
1.334	0.6871
1.3344	0.6871
1.3347	0.6871
1.3351	0.6871
1.3354	0.6871
1.3357	0.6871
1.3361	0.6872
1.3364	0.6872
1.3368	0.6873
1.3371	0.6874
1.3375	0.6876
1.3378	0.6878
1.3382	0.6881
1.3385	0.6884
1.3389	0.6887
1.3392	0.689
1.3395	0.6892
1.3399	0.6894
1.3402	0.6896
1.3406	0.6896
1.3409	0.6896
1.3413	0.6895
1.3416	0.6893
1.342	0.6891
1.3423	0.6888
1.3427	0.6885
1.343	0.6882
1.3434	0.6879
1.3437	0.6876
1.3441	0.6874
1.3444	0.6872
1.3448	0.6871
1.3451	0.6872
1.3455	0.6873
1.3458	0.6875
1.3462	0.6877
1.3465	0.688
1.3469	0.6883
1.3472	0.6885
1.3476	0.6887
1.3479	0.6889
1.3483	0.6889
1.3486	0.6888
1.349	0.6887
1.3493	0.6884
1.3497	0.688
1.35	0.6876
1.3504	0.6872
1.3507	0.6867
1.3511	0.6864
1.3514	0.686
1.3518	0.6858
1.3521	0.6857
1.3525	0.6857
1.3528	0.6857
1.3532	0.6859
1.3535	0.6861
1.3539	0.6863
1.3542	0.6866
1.3546	0.6868
1.3549	0.687
1.3553	0.6872
1.3557	0.6873
1.356	0.6874
1.3564	0.6874
1.3567	0.6874
1.3571	0.6874
1.3574	0.6873
1.3578	0.6872
1.3581	0.6871
1.3585	0.6869
1.3589	0.6867
1.3592	0.6865
1.3596	0.6863
1.3599	0.6861
1.3603	0.6859
1.3606	0.6857
1.361	0.6855
1.3613	0.6853
1.3617	0.6851
1.3621	0.6848
1.3624	0.6846
1.3628	0.6844
1.3631	0.6842
1.3635	0.684
1.3639	0.6839
1.3642	0.6838
1.3646	0.6838
1.3649	0.6838
1.3653	0.684
1.3657	0.6841
1.366	0.6844
1.3664	0.6847
1.3667	0.685
1.3671	0.6852
1.3675	0.6855
1.3678	0.6857
1.3682	0.6859
1.3685	0.686
1.3689	0.6861
1.3693	0.6862
1.3696	0.6862
1.37	0.6861
1.3703	0.6861
1.3707	0.686
1.3711	0.6859
1.3714	0.6859
1.3718	0.6859
1.3722	0.6859
1.3725	0.6859
1.3729	0.6859
1.3732	0.6859
1.3736	0.6859
1.374	0.6859
1.3743	0.6858
1.3747	0.6858
1.3751	0.6857
1.3754	0.6856
1.3758	0.6855
1.3762	0.6855
1.3765	0.6854
1.3769	0.6853
1.3773	0.6853
1.3776	0.6853
1.378	0.6853
1.3784	0.6853
1.3787	0.6854
1.3791	0.6854
1.3795	0.6855
1.3798	0.6856
1.3802	0.6856
1.3806	0.6857
1.3809	0.6858
1.3813	0.6859
1.3817	0.686
1.382	0.686
1.3824	0.686
1.3828	0.686
1.3831	0.6859
1.3835	0.6858
1.3839	0.6856
1.3842	0.6854
1.3846	0.6851
1.385	0.6849
1.3854	0.6846
1.3857	0.6844
1.3861	0.6842
1.3865	0.684
1.3868	0.684
1.3872	0.684
1.3876	0.6841
1.388	0.6842
1.3883	0.6845
1.3887	0.6848
1.3891	0.6852
1.3894	0.6855
1.3898	0.6859
1.3902	0.6862
1.3906	0.6864
1.3909	0.6866
1.3913	0.6866
1.3917	0.6867
1.392	0.6866
1.3924	0.6866
1.3928	0.6865
1.3932	0.6863
1.3935	0.6862
1.3939	0.686
1.3943	0.6857
1.3947	0.6854
1.395	0.685
1.3954	0.6846
1.3958	0.6842
1.3962	0.6839
1.3965	0.6836
1.3969	0.6833
1.3973	0.6831
1.3977	0.6831
1.3981	0.683
1.3984	0.6831
1.3988	0.6832
1.3992	0.6833
1.3996	0.6834
1.3999	0.6836
1.4003	0.6838
1.4007	0.684
1.4011	0.6842
1.4015	0.6845
1.4018	0.6848
1.4022	0.6852
1.4026	0.6854
1.403	0.6857
1.4034	0.6859
1.4037	0.686
1.4041	0.6861
1.4045	0.6861
1.4049	0.686
1.4053	0.6859
1.4056	0.6859
1.406	0.6858
1.4064	0.6857
1.4068	0.6856
1.4072	0.6856
1.4075	0.6856
1.4079	0.6856
1.4083	0.6856
1.4087	0.6856
1.4091	0.6856
1.4095	0.6856
1.4098	0.6855
1.4102	0.6855
1.4106	0.6854
1.411	0.6853
1.4114	0.6851
1.4118	0.685
1.4121	0.6848
1.4125	0.6847
1.4129	0.6845
1.4133	0.6844
1.4137	0.6844
1.4141	0.6844
1.4145	0.6845
1.4148	0.6846
1.4152	0.6849
1.4156	0.6851
1.416	0.6854
1.4164	0.6856
1.4168	0.6858
1.4172	0.6859
1.4175	0.686
1.4179	0.6859
1.4183	0.6858
1.4187	0.6857
1.4191	0.6855
1.4195	0.6854
1.4199	0.6852
1.4203	0.6851
1.4207	0.6851
1.421	0.685
1.4214	0.6851
1.4218	0.6851
1.4222	0.6852
1.4226	0.6853
1.423	0.6854
1.4234	0.6855
1.4238	0.6856
1.4242	0.6857
1.4246	0.6858
1.4249	0.6859
1.4253	0.6859
1.4257	0.686
1.4261	0.686
1.4265	0.6861
1.4269	0.6862
1.4273	0.6863
1.4277	0.6865
1.4281	0.6866
1.4285	0.6868
1.4289	0.687
1.4293	0.6872
1.4297	0.6873
1.4301	0.6875
1.4305	0.6876
1.4308	0.6877
1.4312	0.6877
1.4316	0.6878
1.432	0.6878
1.4324	0.6878
1.4328	0.6879
1.4332	0.6879
1.4336	0.6878
1.434	0.6878
1.4344	0.6876
1.4348	0.6875
1.4352	0.6872
1.4356	0.687
1.436	0.6867
1.4364	0.6864
1.4368	0.6862
1.4372	0.686
1.4376	0.6859
1.438	0.6858
1.4384	0.6857
1.4388	0.6856
1.4392	0.6855
1.4396	0.6854
1.44	0.6853
1.4404	0.6852
1.4408	0.6851
1.4412	0.685
1.4416	0.685
1.442	0.685
1.4424	0.6851
1.4428	0.6851
1.4432	0.6852
1.4436	0.6853
1.444	0.6854
1.4444	0.6854
1.4448	0.6854
1.4452	0.6853
1.4456	0.6852
1.446	0.6851
1.4464	0.6849
1.4468	0.6849
1.4472	0.6848
1.4476	0.6848
1.448	0.6849
1.4484	0.6851
1.4488	0.6853
1.4492	0.6855
1.4496	0.6857
1.4501	0.6859
1.4505	0.6861
1.4509	0.6862
1.4513	0.6863
1.4517	0.6863
1.4521	0.6863
1.4525	0.6863
1.4529	0.6862
1.4533	0.6862
1.4537	0.6861
1.4541	0.6861
1.4545	0.6861
1.4549	0.686
1.4553	0.686
1.4558	0.6861
1.4562	0.6861
1.4566	0.6862
1.457	0.6862
1.4574	0.6863
1.4578	0.6864
1.4582	0.6864
1.4586	0.6865
1.459	0.6865
1.4594	0.6865
1.4598	0.6866
1.4603	0.6867
1.4607	0.6868
1.4611	0.6869
1.4615	0.6871
1.4619	0.6873
1.4623	0.6875
1.4627	0.6876
1.4631	0.6877
1.4636	0.6877
1.464	0.6876
1.4644	0.6875
1.4648	0.6874
1.4652	0.6872
1.4656	0.687
1.466	0.6867
1.4665	0.6866
1.4669	0.6864
1.4673	0.6863
1.4677	0.6862
1.4681	0.6861
1.4685	0.6861
1.4689	0.6861
1.4694	0.686
1.4698	0.686
1.4702	0.686
1.4706	0.6861
1.471	0.6861
1.4714	0.6861
1.4719	0.6861
1.4723	0.6861
1.4727	0.6861
1.4731	0.686
1.4735	0.6859
1.474	0.6858
1.4744	0.6856
1.4748	0.6855
1.4752	0.6853
1.4756	0.6852
1.4761	0.6851
1.4765	0.685
1.4769	0.6851
1.4773	0.6851
1.4777	0.6852
1.4782	0.6853
1.4786	0.6855
1.479	0.6856
1.4794	0.6858
1.4798	0.6859
1.4803	0.6861
1.4807	0.6862
1.4811	0.6863
1.4815	0.6865
1.482	0.6867
1.4824	0.6868
1.4828	0.687
1.4832	0.6871
1.4837	0.6872
1.4841	0.6872
1.4845	0.6872
1.4849	0.6872
1.4854	0.6872
1.4858	0.6872
1.4862	0.6871
1.4866	0.6871
1.4871	0.6871
1.4875	0.6871
1.4879	0.6871
1.4883	0.6871
1.4888	0.6871
1.4892	0.6871
1.4896	0.6871
1.4901	0.687
1.4905	0.6869
1.4909	0.6868
1.4913	0.6867
1.4918	0.6866
1.4922	0.6865
1.4926	0.6864
1.4931	0.6864
1.4935	0.6864
1.4939	0.6865
1.4943	0.6866
1.4948	0.6867
1.4952	0.6868
1.4956	0.687
1.4961	0.6871
1.4965	0.6873
1.4969	0.6874
1.4974	0.6876
1.4978	0.6877
1.4982	0.6878
1.4987	0.6879
1.4991	0.688
1.4995	0.6881
1.5	0.6881
1.5004	0.6881
1.5008	0.6881
1.5013	0.6881
1.5017	0.688
1.5021	0.6878
1.5026	0.6877
1.503	0.6875
1.5034	0.6873
1.5039	0.6871
1.5043	0.687
1.5048	0.6868
1.5052	0.6867
1.5056	0.6867
1.5061	0.6867
1.5065	0.6867
1.5069	0.6867
1.5074	0.6868
1.5078	0.6868
1.5083	0.6868
1.5087	0.6868
1.5091	0.6868
1.5096	0.6868
1.51	0.6867
1.5105	0.6867
1.5109	0.6867
1.5113	0.6867
1.5118	0.6867
1.5122	0.6868
1.5127	0.6869
1.5131	0.6871
1.5135	0.6873
1.514	0.6875
1.5144	0.6876
1.5149	0.6878
1.5153	0.6879
1.5158	0.688
1.5162	0.688
1.5166	0.688
1.5171	0.6879
1.5175	0.6878
1.518	0.6877
1.5184	0.6876
1.5189	0.6875
1.5193	0.6875
1.5197	0.6874
1.5202	0.6874
1.5206	0.6874
1.5211	0.6874
1.5215	0.6875
1.522	0.6875
1.5224	0.6875
1.5229	0.6876
1.5233	0.6876
1.5238	0.6876
1.5242	0.6877
1.5247	0.6877
1.5251	0.6877
1.5256	0.6877
1.526	0.6877
1.5265	0.6877
1.5269	0.6877
1.5274	0.6877
1.5278	0.6876
1.5283	0.6876
1.5287	0.6876
1.5292	0.6876
1.5296	0.6877
1.5301	0.6877
1.5305	0.6878
1.531	0.6879
1.5314	0.6879
1.5319	0.688
1.5323	0.688
1.5328	0.6879
1.5332	0.6879
1.5337	0.6878
1.5341	0.6876
1.5346	0.6875
1.535	0.6873
1.5355	0.6872
1.536	0.6871
1.5364	0.687
1.5369	0.687
1.5373	0.687
1.5378	0.687
1.5382	0.6871
1.5387	0.6871
1.5391	0.6872
1.5396	0.6873
1.5401	0.6874
1.5405	0.6875
1.541	0.6876
1.5414	0.6876
1.5419	0.6876
1.5424	0.6877
1.5428	0.6877
1.5433	0.6877
1.5437	0.6876
1.5442	0.6876
1.5446	0.6876
1.5451	0.6876
1.5456	0.6877
1.546	0.6877
1.5465	0.6878
1.547	0.6878
1.5474	0.6879
1.5479	0.6879
1.5483	0.688
1.5488	0.688
1.5493	0.688
1.5497	0.6881
1.5502	0.6881
1.5507	0.6881
1.5511	0.6882
1.5516	0.6882
1.552	0.6882
1.5525	0.6883
1.553	0.6883
1.5534	0.6883
1.5539	0.6883
1.5544	0.6882
1.5548	0.6882
1.5553	0.6881
1.5558	0.6879
1.5562	0.6878
1.5567	0.6877
1.5572	0.6876
1.5576	0.6874
1.5581	0.6874
1.5586	0.6873
1.559	0.6873
1.5595	0.6873
1.56	0.6873
1.5605	0.6874
1.5609	0.6875
1.5614	0.6876
1.5619	0.6877
1.5623	0.6879
1.5628	0.6879
1.5633	0.688
1.5637	0.6881
1.5642	0.6881
1.5647	0.6881
1.5652	0.6881
1.5656	0.6881
1.5661	0.6881
1.5666	0.6881
1.5671	0.6881
1.5675	0.6881
1.568	0.6881
1.5685	0.6881
1.569	0.6882
1.5694	0.6882
1.5699	0.6882
1.5704	0.6881
1.5709	0.6881
1.5713	0.6881
1.5718	0.688
1.5723	0.688
1.5728	0.688
1.5732	0.688
1.5737	0.6881
1.5742	0.6881
1.5747	0.6882
1.5751	0.6883
1.5756	0.6883
1.5761	0.6884
1.5766	0.6884
1.5771	0.6884
1.5775	0.6884
1.578	0.6884
1.5785	0.6884
1.579	0.6883
1.5795	0.6883
1.5799	0.6882
1.5804	0.6881
1.5809	0.688
1.5814	0.6879
1.5819	0.6878
1.5824	0.6877
1.5828	0.6876
1.5833	0.6876
1.5838	0.6876
1.5843	0.6876
1.5848	0.6876
1.5853	0.6877
1.5857	0.6877
1.5862	0.6878
1.5867	0.6879
1.5872	0.6879
1.5877	0.688
1.5882	0.688
1.5887	0.688
1.5891	0.688
1.5896	0.688
1.5901	0.6879
1.5906	0.6879
1.5911	0.6879
1.5916	0.6878
1.5921	0.6878
1.5926	0.6878
1.5931	0.6878
1.5935	0.6878
1.594	0.6878
1.5945	0.6879
1.595	0.6879
1.5955	0.688
1.596	0.6881
1.5965	0.6882
1.597	0.6883
1.5975	0.6883
1.598	0.6884
1.5985	0.6885
1.5989	0.6885
1.5994	0.6886
1.5999	0.6886
1.6004	0.6886
1.6009	0.6886
1.6014	0.6886
1.6019	0.6886
1.6024	0.6885
1.6029	0.6885
1.6034	0.6885
1.6039	0.6885
1.6044	0.6885
1.6049	0.6885
1.6054	0.6885
1.6059	0.6885
1.6064	0.6886
1.6069	0.6886
1.6074	0.6887
1.6079	0.6887
1.6084	0.6887
1.6089	0.6887
1.6094	0.6887
1.6099	0.6887
1.6104	0.6886
1.6109	0.6886
1.6114	0.6886
1.6119	0.6885
1.6124	0.6884
1.6129	0.6884
1.6134	0.6883
1.6139	0.6883
1.6144	0.6883
1.6149	0.6882
1.6154	0.6882
1.6159	0.6882
1.6164	0.6883
1.6169	0.6883
1.6174	0.6883
1.6179	0.6883
1.6184	0.6884
1.6189	0.6884
1.6194	0.6884
1.6199	0.6883
1.6204	0.6883
1.6209	0.6883
1.6214	0.6882
1.622	0.6882
1.6225	0.6882
1.623	0.6882
1.6235	0.6881
1.624	0.6881
1.6245	0.6881
1.625	0.6882
1.6255	0.6882
1.626	0.6882
1.6265	0.6882
1.627	0.6882
1.6276	0.6882
1.6281	0.6881
1.6286	0.6881
1.6291	0.6881
1.6296	0.6881
1.6301	0.6881
1.6306	0.6881
1.6311	0.6881
1.6316	0.688
1.6322	0.688
1.6327	0.688
1.6332	0.688
1.6337	0.6879
1.6342	0.6879
1.6347	0.6879
1.6353	0.6879
1.6358	0.6879
1.6363	0.6879
1.6368	0.6879
1.6373	0.6879
1.6378	0.6879
1.6384	0.6879
1.6389	0.6878
1.6394	0.6878
1.6399	0.6878
1.6404	0.6877
1.6409	0.6877
1.6415	0.6877
1.642	0.6877
1.6425	0.6876
1.643	0.6876
1.6435	0.6876
1.6441	0.6877
1.6446	0.6877
1.6451	0.6877
1.6456	0.6877
1.6462	0.6878
1.6467	0.6878
1.6472	0.6879
1.6477	0.6879
1.6482	0.688
1.6488	0.6881
1.6493	0.6881
1.6498	0.6881
1.6503	0.6881
1.6509	0.6881
1.6514	0.6881
1.6519	0.688
1.6524	0.688
1.653	0.688
1.6535	0.6879
1.654	0.6879
1.6546	0.6879
1.6551	0.6879
1.6556	0.6879
1.6561	0.6879
1.6567	0.6879
1.6572	0.6878
1.6577	0.6878
1.6583	0.6878
1.6588	0.6877
1.6593	0.6877
1.6599	0.6876
1.6604	0.6876
1.6609	0.6875
1.6614	0.6875
1.662	0.6875
1.6625	0.6875
1.663	0.6875
1.6636	0.6874
1.6641	0.6874
1.6646	0.6874
1.6652	0.6874
1.6657	0.6873
1.6663	0.6873
1.6668	0.6873
1.6673	0.6872
1.6679	0.6872
1.6684	0.6872
1.6689	0.6872
1.6695	0.6872
1.67	0.6873
1.6705	0.6873
1.6711	0.6874
1.6716	0.6874
1.6722	0.6875
1.6727	0.6875
1.6732	0.6875
1.6738	0.6875
1.6743	0.6874
1.6749	0.6874
1.6754	0.6873
1.6759	0.6872
1.6765	0.6872
1.677	0.6871
1.6776	0.6871
1.6781	0.687
1.6787	0.687
1.6792	0.687
1.6797	0.6869
1.6803	0.6869
1.6808	0.6868
1.6814	0.6868
1.6819	0.6868
1.6825	0.6868
1.683	0.6868
1.6836	0.6868
1.6841	0.6868
1.6847	0.6869
1.6852	0.6869
1.6858	0.6869
1.6863	0.687
1.6869	0.687
1.6874	0.687
1.6879	0.687
1.6885	0.687
1.689	0.687
1.6896	0.687
1.6902	0.687
1.6907	0.6869
1.6913	0.6869
1.6918	0.6869
1.6924	0.6868
1.6929	0.6868
1.6935	0.6867
1.694	0.6867
1.6946	0.6867
1.6951	0.6866
1.6957	0.6866
1.6962	0.6865
1.6968	0.6865
1.6973	0.6865
1.6979	0.6864
1.6985	0.6864
1.699	0.6865
1.6996	0.6865
1.7001	0.6865
1.7007	0.6865
1.7012	0.6865
1.7018	0.6866
1.7024	0.6866
1.7029	0.6866
1.7035	0.6865
1.704	0.6865
1.7046	0.6865
1.7052	0.6865
1.7057	0.6865
1.7063	0.6864
1.7068	0.6864
1.7074	0.6864
1.708	0.6864
1.7085	0.6864
1.7091	0.6864
1.7097	0.6864
1.7102	0.6864
1.7108	0.6864
1.7113	0.6864
1.7119	0.6864
1.7125	0.6864
1.713	0.6864
1.7136	0.6864
1.7142	0.6864
1.7147	0.6864
1.7153	0.6864
1.7159	0.6864
1.7164	0.6864
1.717	0.6864
1.7176	0.6864
1.7182	0.6863
1.7187	0.6863
1.7193	0.6863
1.7199	0.6863
1.7204	0.6862
1.721	0.6862
1.7216	0.6862
1.7221	0.6861
1.7227	0.6861
1.7233	0.686
1.7239	0.686
1.7244	0.6859
1.725	0.6859
1.7256	0.6858
1.7262	0.6858
1.7267	0.6858
1.7273	0.6858
1.7279	0.6858
1.7285	0.6858
1.729	0.6858
1.7296	0.6858
1.7302	0.6858
1.7308	0.6858
1.7313	0.6858
1.7319	0.6858
1.7325	0.6858
1.7331	0.6858
1.7337	0.6858
1.7342	0.6858
1.7348	0.6858
1.7354	0.6858
1.736	0.6858
1.7366	0.6859
1.7371	0.6859
1.7377	0.6859
1.7383	0.6859
1.7389	0.6859
1.7395	0.6859
1.7401	0.6859
1.7406	0.6858
1.7412	0.6858
1.7418	0.6857
1.7424	0.6857
1.743	0.6857
1.7436	0.6857
1.7442	0.6856
1.7447	0.6856
1.7453	0.6856
1.7459	0.6856
1.7465	0.6856
1.7471	0.6856
1.7477	0.6856
1.7483	0.6855
1.7489	0.6855
1.7495	0.6854
1.75	0.6854
1.7506	0.6853
1.7512	0.6853
1.7518	0.6853
1.7524	0.6852
1.753	0.6852
1.7536	0.6852
1.7542	0.6852
1.7548	0.6852
1.7554	0.6852
1.756	0.6852
1.7566	0.6852
1.7572	0.6851
1.7578	0.6851
1.7584	0.6851
1.7589	0.6851
1.7595	0.6851
1.7601	0.6851
1.7607	0.6851
1.7613	0.6851
1.7619	0.6851
1.7625	0.685
1.7631	0.685
1.7637	0.685
1.7643	0.685
1.7649	0.685
1.7655	0.685
1.7661	0.685
1.7667	0.685
1.7673	0.685
1.7679	0.685
1.7685	0.685
1.7692	0.6849
1.7698	0.6849
1.7704	0.6849
1.771	0.6849
1.7716	0.6848
1.7722	0.6848
1.7728	0.6848
1.7734	0.6848
1.774	0.6848
1.7746	0.6848
1.7752	0.6847
1.7758	0.6847
1.7764	0.6847
1.777	0.6847
1.7776	0.6846
1.7783	0.6846
1.7789	0.6846
1.7795	0.6846
1.7801	0.6846
1.7807	0.6846
1.7813	0.6846
1.7819	0.6846
1.7825	0.6847
1.7831	0.6847
1.7838	0.6847
1.7844	0.6847
1.785	0.6847
1.7856	0.6847
1.7862	0.6847
1.7868	0.6846
1.7874	0.6846
1.7881	0.6846
1.7887	0.6845
1.7893	0.6845
1.7899	0.6844
1.7905	0.6844
1.7912	0.6843
1.7918	0.6843
1.7924	0.6843
1.793	0.6842
1.7936	0.6842
1.7942	0.6842
1.7949	0.6842
1.7955	0.6842
1.7961	0.6841
1.7967	0.6841
1.7974	0.6841
1.798	0.684
1.7986	0.684
1.7992	0.684
1.7999	0.6839
1.8005	0.6839
1.8011	0.6839
1.8017	0.6838
1.8024	0.6838
1.803	0.6838
1.8036	0.6838
1.8042	0.6838
1.8049	0.6838
1.8055	0.6838
1.8061	0.6838
1.8068	0.6838
1.8074	0.6838
1.808	0.6838
1.8086	0.6838
1.8093	0.6837
1.8099	0.6837
1.8105	0.6837
1.8112	0.6836
1.8118	0.6835
1.8124	0.6835
1.8131	0.6834
1.8137	0.6833
1.8143	0.6833
1.815	0.6832
1.8156	0.6831
1.8162	0.6831
1.8169	0.683
1.8175	0.683
1.8182	0.6829
1.8188	0.6829
1.8194	0.6829
1.8201	0.6829
1.8207	0.6829
1.8213	0.6829
1.822	0.6829
1.8226	0.6829
1.8233	0.6829
1.8239	0.6829
1.8246	0.6829
1.8252	0.6829
1.8258	0.6829
1.8265	0.6829
1.8271	0.6828
1.8278	0.6828
1.8284	0.6827
1.8291	0.6827
1.8297	0.6826
1.8303	0.6826
1.831	0.6826
1.8316	0.6825
1.8323	0.6825
1.8329	0.6824
1.8336	0.6824
1.8342	0.6823
1.8349	0.6822
1.8355	0.6822
1.8362	0.6821
1.8368	0.682
1.8375	0.6819
1.8381	0.6819
1.8388	0.6818
1.8394	0.6818
1.8401	0.6818
1.8407	0.6818
1.8414	0.6818
1.8421	0.6818
1.8427	0.6818
1.8434	0.6819
1.844	0.6819
1.8447	0.6819
1.8453	0.6819
1.846	0.6818
1.8466	0.6818
1.8473	0.6818
1.848	0.6817
1.8486	0.6817
1.8493	0.6817
1.8499	0.6817
1.8506	0.6817
1.8513	0.6817
1.8519	0.6817
1.8526	0.6818
1.8532	0.6817
1.8539	0.6817
1.8546	0.6817
1.8552	0.6817
1.8559	0.6817
1.8566	0.6816
1.8572	0.6816
1.8579	0.6816
1.8586	0.6816
1.8592	0.6816
1.8599	0.6817
1.8606	0.6817
1.8612	0.6817
1.8619	0.6817
1.8626	0.6817
1.8632	0.6817
1.8639	0.6817
1.8646	0.6816
1.8652	0.6816
1.8659	0.6815
1.8666	0.6814
1.8673	0.6814
1.8679	0.6813
1.8686	0.6812
1.8693	0.6811
1.87	0.6811
1.8706	0.6811
1.8713	0.6811
1.872	0.6811
1.8727	0.6812
1.8733	0.6813
1.874	0.6814
1.8747	0.6815
1.8754	0.6816
1.876	0.6817
1.8767	0.6818
1.8774	0.6819
1.8781	0.682
1.8788	0.682
1.8794	0.6821
1.8801	0.6821
1.8808	0.6822
1.8815	0.6822
1.8822	0.6822
1.8829	0.6822
1.8835	0.6823
1.8842	0.6823
1.8849	0.6824
1.8856	0.6824
1.8863	0.6825
1.887	0.6826
1.8877	0.6826
1.8883	0.6827
1.889	0.6828
1.8897	0.6828
1.8904	0.6829
1.8911	0.683
1.8918	0.6831
1.8925	0.6832
1.8932	0.6833
1.8939	0.6834
1.8945	0.6835
1.8952	0.6836
1.8959	0.6837
1.8966	0.6838
1.8973	0.6839
1.898	0.684
1.8987	0.684
1.8994	0.6841
1.9001	0.6841
1.9008	0.6842
1.9015	0.6842
1.9022	0.6843
1.9029	0.6843
1.9036	0.6844
1.9043	0.6845
1.905	0.6845
1.9057	0.6846
1.9064	0.6847
1.9071	0.6847
1.9078	0.6848
1.9085	0.6848
1.9092	0.6849
1.9099	0.6849
1.9106	0.6849
1.9113	0.6849
1.912	0.6849
1.9127	0.6849
1.9134	0.6848
1.9141	0.6848
1.9148	0.6848
1.9155	0.6848
1.9163	0.6848
1.917	0.6847
1.9177	0.6847
1.9184	0.6847
1.9191	0.6847
1.9198	0.6846
1.9205	0.6846
1.9212	0.6846
1.9219	0.6846
1.9226	0.6847
1.9234	0.6847
1.9241	0.6847
1.9248	0.6847
1.9255	0.6847
1.9262	0.6847
1.9269	0.6847
1.9277	0.6847
1.9284	0.6847
1.9291	0.6847
1.9298	0.6847
1.9305	0.6847
1.9312	0.6847
1.932	0.6847
1.9327	0.6847
1.9334	0.6847
1.9341	0.6847
1.9348	0.6847
1.9356	0.6847
1.9363	0.6846
1.937	0.6846
1.9377	0.6846
1.9385	0.6845
1.9392	0.6845
1.9399	0.6845
1.9406	0.6845
1.9414	0.6845
1.9421	0.6844
1.9428	0.6844
1.9435	0.6844
1.9443	0.6844
1.945	0.6843
1.9457	0.6843
1.9465	0.6843
1.9472	0.6843
1.9479	0.6842
1.9487	0.6842
1.9494	0.6842
1.9501	0.6842
1.9509	0.6842
1.9516	0.6841
1.9523	0.6841
1.9531	0.6841
1.9538	0.684
1.9545	0.684
1.9553	0.6839
1.956	0.6839
1.9567	0.6839
1.9575	0.6838
1.9582	0.6838
1.959	0.6838
1.9597	0.6838
1.9604	0.6838
1.9612	0.6838
1.9619	0.6837
1.9627	0.6837
1.9634	0.6837
1.9642	0.6837
1.9649	0.6837
1.9656	0.6837
1.9664	0.6837
1.9671	0.6837
1.9679	0.6837
1.9686	0.6837
1.9694	0.6836
1.9701	0.6836
1.9709	0.6835
1.9716	0.6834
1.9724	0.6833
1.9731	0.6833
1.9739	0.6832
1.9746	0.6831
1.9754	0.683
1.9761	0.683
1.9769	0.6829
1.9776	0.6828
1.9784	0.6828
1.9792	0.6827
1.9799	0.6827
1.9807	0.6826
1.9814	0.6826
1.9822	0.6825
1.9829	0.6825
1.9837	0.6824
1.9845	0.6824
1.9852	0.6823
1.986	0.6823
1.9867	0.6823
1.9875	0.6823
1.9883	0.6822
1.989	0.6822
1.9898	0.6822
1.9905	0.6822
1.9913	0.6822
1.9921	0.6822
1.9928	0.6822
1.9936	0.6821
1.9944	0.6821
1.9951	0.6821
1.9959	0.682
1.9967	0.682
1.9975	0.682
1.9982	0.6819
1.999	0.6819
1.9998	0.6819
2.0005	0.6818
2.0013	0.6818
2.0021	0.6818
2.0029	0.6818
2.0036	0.6817
2.0044	0.6817
2.0052	0.6817
2.006	0.6818
2.0067	0.6818
2.0075	0.6818
2.0083	0.6819
2.0091	0.6819
2.0098	0.6819
2.0106	0.682
2.0114	0.682
2.0122	0.682
2.013	0.682
2.0137	0.682
2.0145	0.6821
2.0153	0.6821
2.0161	0.6821
2.0169	0.6822
2.0177	0.6822
2.0184	0.6822
2.0192	0.6823
2.02	0.6823
2.0208	0.6824
2.0216	0.6824
2.0224	0.6824
2.0232	0.6825
2.024	0.6825
2.0247	0.6825
2.0255	0.6825
2.0263	0.6826
2.0271	0.6826
2.0279	0.6826
2.0287	0.6827
2.0295	0.6827
2.0303	0.6828
2.0311	0.6828
2.0319	0.6828
2.0327	0.6829
2.0335	0.6829
2.0343	0.683
2.0351	0.683
2.0359	0.6831
2.0367	0.6831
2.0375	0.6831
2.0383	0.6832
2.0391	0.6832
2.0399	0.6833
2.0407	0.6833
2.0415	0.6834
2.0423	0.6834
2.0431	0.6834
2.0439	0.6835
2.0447	0.6835
2.0455	0.6836
2.0463	0.6836
2.0471	0.6837
2.0479	0.6837
2.0487	0.6838
2.0496	0.6838
2.0504	0.6839
2.0512	0.6839
2.052	0.684
2.0528	0.684
2.0536	0.684
2.0544	0.684
2.0552	0.684
2.0561	0.684
2.0569	0.684
2.0577	0.684
2.0585	0.684
2.0593	0.684
2.0601	0.684
2.061	0.684
2.0618	0.684
2.0626	0.684
2.0634	0.684
2.0642	0.684
2.0651	0.684
2.0659	0.684
2.0667	0.684
2.0675	0.684
2.0684	0.684
2.0692	0.684
2.07	0.6839
2.0708	0.6839
2.0717	0.6839
2.0725	0.6839
2.0733	0.6839
2.0742	0.6839
2.075	0.6838
2.0758	0.6838
2.0766	0.6838
2.0775	0.6837
2.0783	0.6837
2.0791	0.6836
2.08	0.6836
2.0808	0.6836
2.0816	0.6835
2.0825	0.6835
2.0833	0.6834
2.0842	0.6834
2.085	0.6833
2.0858	0.6833
2.0867	0.6832
2.0875	0.6832
2.0884	0.6832
2.0892	0.6831
2.09	0.6831
2.0909	0.683
2.0917	0.683
2.0926	0.6829
2.0934	0.6829
2.0943	0.6829
2.0951	0.6828
2.096	0.6828
2.0968	0.6828
2.0976	0.6827
2.0985	0.6827
2.0993	0.6827
2.1002	0.6827
2.101	0.6827
2.1019	0.6826
2.1028	0.6826
2.1036	0.6826
2.1045	0.6826
2.1053	0.6826
2.1062	0.6826
2.107	0.6826
2.1079	0.6825
2.1087	0.6825
2.1096	0.6825
2.1105	0.6825
2.1113	0.6825
2.1122	0.6826
2.113	0.6826
2.1139	0.6826
2.1148	0.6826
2.1156	0.6826
2.1165	0.6826
2.1173	0.6826
2.1182	0.6826
2.1191	0.6826
2.1199	0.6826
2.1208	0.6826
2.1217	0.6826
2.1225	0.6826
2.1234	0.6825
2.1243	0.6825
2.1252	0.6825
2.126	0.6825
2.1269	0.6824
2.1278	0.6824
2.1286	0.6824
2.1295	0.6824
2.1304	0.6824
2.1313	0.6824
2.1321	0.6824
2.133	0.6824
2.1339	0.6824
2.1348	0.6824
2.1357	0.6824
2.1365	0.6824
2.1374	0.6824
2.1383	0.6824
2.1392	0.6824
2.1401	0.6825
2.141	0.6825
2.1418	0.6825
2.1427	0.6825
2.1436	0.6826
2.1445	0.6826
2.1454	0.6826
2.1463	0.6827
2.1472	0.6827
2.148	0.6827
2.1489	0.6828
2.1498	0.6829
2.1507	0.6829
2.1516	0.683
2.1525	0.6831
2.1534	0.6831
2.1543	0.6832
2.1552	0.6833
2.1561	0.6834
2.157	0.6834
2.1579	0.6835
2.1588	0.6836
2.1597	0.6836
2.1606	0.6837
2.1615	0.6838
2.1624	0.6838
2.1633	0.6839
2.1642	0.684
2.1651	0.684
2.166	0.6841
2.1669	0.6841
2.1678	0.6842
2.1687	0.6843
2.1696	0.6844
2.1705	0.6845
2.1714	0.6846
2.1723	0.6847
2.1733	0.6848
2.1742	0.6849
2.1751	0.685
2.176	0.685
2.1769	0.6851
2.1778	0.6852
2.1787	0.6852
2.1796	0.6853
2.1806	0.6853
2.1815	0.6854
2.1824	0.6854
2.1833	0.6855
2.1842	0.6855
2.1852	0.6856
2.1861	0.6857
2.187	0.6857
2.1879	0.6858
2.1888	0.6859
2.1898	0.686
2.1907	0.686
2.1916	0.6861
2.1926	0.6862
2.1935	0.6862
2.1944	0.6863
2.1953	0.6863
2.1963	0.6864
2.1972	0.6864
2.1981	0.6865
2.1991	0.6865
2.2	0.6865
2.2009	0.6866
2.2019	0.6866
2.2028	0.6866
2.2037	0.6867
2.2047	0.6867
2.2056	0.6867
2.2065	0.6868
2.2075	0.6868
2.2084	0.6868
2.2094	0.6869
2.2103	0.6869
2.2112	0.6869
2.2122	0.687
2.2131	0.687
2.2141	0.687
2.215	0.687
2.216	0.6871
2.2169	0.6871
2.2179	0.6871
2.2188	0.6871
2.2198	0.6872
2.2207	0.6872
2.2217	0.6872
2.2226	0.6873
2.2236	0.6873
2.2245	0.6874
2.2255	0.6874
2.2264	0.6875
2.2274	0.6875
2.2284	0.6876
2.2293	0.6877
2.2303	0.6878
2.2312	0.6878
2.2322	0.6879
2.2332	0.688
2.2341	0.6881
2.2351	0.6881
2.236	0.6882
2.237	0.6882
2.238	0.6883
2.2389	0.6884
2.2399	0.6884
2.2409	0.6885
2.2418	0.6886
2.2428	0.6886
2.2438	0.6886
2.2448	0.6887
2.2457	0.6887
2.2467	0.6887
2.2477	0.6887
2.2486	0.6887
2.2496	0.6887
2.2506	0.6887
2.2516	0.6887
2.2526	0.6887
2.2535	0.6888
2.2545	0.6888
2.2555	0.6889
2.2565	0.6889
2.2575	0.689
2.2584	0.689
2.2594	0.6891
2.2604	0.6891
2.2614	0.6891
2.2624	0.6892
2.2634	0.6892
2.2644	0.6892
2.2653	0.6892
2.2663	0.6892
2.2673	0.6893
2.2683	0.6893
2.2693	0.6893
2.2703	0.6893
2.2713	0.6893
2.2723	0.6893
2.2733	0.6894
2.2743	0.6894
2.2753	0.6894
2.2763	0.6894
2.2773	0.6894
2.2783	0.6894
2.2793	0.6893
2.2803	0.6893
2.2813	0.6893
2.2823	0.6892
2.2833	0.6892
2.2843	0.6891
2.2853	0.6891
2.2863	0.689
2.2873	0.689
2.2883	0.6889
2.2894	0.6889
2.2904	0.6888
2.2914	0.6888
2.2924	0.6887
2.2934	0.6886
2.2944	0.6885
2.2954	0.6884
2.2964	0.6883
2.2975	0.6883
2.2985	0.6882
2.2995	0.6881
2.3005	0.688
2.3015	0.6879
2.3026	0.6878
2.3036	0.6877
2.3046	0.6876
2.3056	0.6875
2.3067	0.6874
2.3077	0.6873
2.3087	0.6872
2.3097	0.6871
2.3108	0.6869
2.3118	0.6868
2.3128	0.6866
2.3139	0.6865
2.3149	0.6863
2.3159	0.6862
2.317	0.686
2.318	0.6859
2.319	0.6857
2.3201	0.6856
2.3211	0.6855
2.3222	0.6853
2.3232	0.6852
2.3242	0.6851
2.3253	0.6851
2.3263	0.685
2.3274	0.6849
2.3284	0.6849
2.3295	0.6848
2.3305	0.6848
2.3316	0.6848
2.3326	0.6847
2.3337	0.6847
2.3347	0.6847
2.3358	0.6846
2.3368	0.6845
2.3379	0.6845
2.3389	0.6844
2.34	0.6844
2.341	0.6843
2.3421	0.6842
2.3431	0.6842
2.3442	0.6841
2.3453	0.6841
2.3463	0.6841
2.3474	0.6841
2.3485	0.6841
2.3495	0.6841
2.3506	0.6841
2.3516	0.6841
2.3527	0.6841
2.3538	0.6841
2.3549	0.6841
2.3559	0.6841
2.357	0.6842
2.3581	0.6842
2.3591	0.6842
2.3602	0.6842
2.3613	0.6843
2.3624	0.6843
2.3634	0.6844
2.3645	0.6845
2.3656	0.6846
2.3667	0.6847
2.3678	0.6848
2.3688	0.6849
2.3699	0.685
2.371	0.6851
2.3721	0.6852
2.3732	0.6853
2.3743	0.6854
2.3753	0.6855
2.3764	0.6857
2.3775	0.6858
2.3786	0.6859
2.3797	0.686
2.3808	0.6861
2.3819	0.6862
2.383	0.6862
2.3841	0.6863
2.3852	0.6864
2.3863	0.6864
2.3874	0.6865
2.3885	0.6865
2.3896	0.6865
2.3907	0.6865
2.3918	0.6866
2.3929	0.6866
2.394	0.6867
2.3951	0.6867
2.3962	0.6868
2.3973	0.6869
2.3984	0.687
2.3995	0.6871
2.4006	0.6873
2.4018	0.6874
2.4029	0.6876
2.404	0.6877
2.4051	0.6878
2.4062	0.6879
2.4073	0.6881
2.4084	0.6881
2.4096	0.6882
2.4107	0.6883
2.4118	0.6884
2.4129	0.6884
2.4141	0.6885
2.4152	0.6886
2.4163	0.6887
2.4174	0.6887
2.4186	0.6888
2.4197	0.6889
2.4208	0.689
2.4219	0.6891
2.4231	0.6892
2.4242	0.6893
2.4253	0.6894
2.4265	0.6895
2.4276	0.6896
2.4288	0.6898
2.4299	0.6899
2.431	0.6901
2.4322	0.6903
2.4333	0.6905
2.4345	0.6907
2.4356	0.6909
2.4367	0.6911
2.4379	0.6913
2.439	0.6915
2.4402	0.6917
2.4413	0.6919
2.4425	0.6921
2.4436	0.6923
2.4448	0.6924
2.4459	0.6925
2.4471	0.6927
2.4482	0.6928
2.4494	0.6928
2.4506	0.6929
2.4517	0.6929
2.4529	0.6929
2.454	0.6929
2.4552	0.6928
2.4564	0.6927
2.4575	0.6926
2.4587	0.6924
2.4599	0.6923
2.461	0.6922
2.4622	0.692
2.4634	0.6919
2.4645	0.6918
2.4657	0.6917
2.4669	0.6917
2.4681	0.6916
2.4692	0.6916
2.4704	0.6916
2.4716	0.6916
2.4728	0.6915
2.4739	0.6915
2.4751	0.6915
2.4763	0.6915
2.4775	0.6915
2.4787	0.6915
2.4799	0.6916
2.481	0.6916
2.4822	0.6916
2.4834	0.6916
2.4846	0.6916
2.4858	0.6916
2.487	0.6916
2.4882	0.6917
2.4894	0.6917
2.4906	0.6917
2.4918	0.6917
2.493	0.6917
2.4942	0.6917
2.4954	0.6917
2.4966	0.6917
2.4978	0.6917
2.499	0.6918
2.5111	0.6842
2.5123	0.6842
2.5135	0.6842
2.5147	0.6843
2.516	0.6843
2.5172	0.6844
2.5184	0.6845
2.5196	0.6846
2.5208	0.6847
2.5221	0.6848
2.5233	0.6849
2.5245	0.6849
2.5258	0.6849
2.527	0.685
2.5282	0.685
2.5295	0.685
2.5307	0.6851
2.5319	0.6851
2.5332	0.6851
2.5344	0.6851
2.5356	0.6851
2.5369	0.6851
2.5381	0.6851
2.5394	0.6851
2.5406	0.6851
2.5419	0.6852
2.5431	0.6852
2.5443	0.6853
2.5456	0.6853
2.5468	0.6854
2.5481	0.6854
2.5494	0.6854
2.5506	0.6854
2.5519	0.6854
2.5531	0.6854
2.5544	0.6854
2.5556	0.6855
2.5569	0.6855
2.5582	0.6856
2.5594	0.6857
2.5607	0.6858
2.5619	0.6859
2.5632	0.686
2.5645	0.686
2.5658	0.6861
2.567	0.6861
2.5683	0.6862
2.5696	0.6863
2.5708	0.6863
2.5721	0.6863
2.5734	0.6863
2.5747	0.6863
2.5759	0.6863
2.5772	0.6863
2.5785	0.6863
2.5798	0.6864
2.5811	0.6865
2.5824	0.6866
2.5836	0.6866
2.5849	0.6867
2.5862	0.6867
2.5875	0.6866
2.5888	0.6866
2.5901	0.6866
2.5914	0.6866
2.5927	0.6867
2.594	0.6867
2.5953	0.6867
2.5966	0.6868
2.5979	0.6869
2.5992	0.6871
2.6005	0.6872
2.6018	0.6874
2.6031	0.6875
2.6044	0.6875
2.6057	0.6876
2.607	0.6876
2.6083	0.6877
2.6097	0.6877
2.611	0.6878
2.6123	0.6878
2.6136	0.6877
2.6149	0.6876
2.6162	0.6876
2.6176	0.6876
2.6189	0.6876
2.6202	0.6878
2.6215	0.688
2.6229	0.6881
2.6242	0.6883
2.6255	0.6884
2.6268	0.6885
2.6282	0.6885
2.6295	0.6886
2.6308	0.6888
2.6322	0.689
2.6335	0.6892
2.6348	0.6894
2.6362	0.6895
2.6375	0.6897
2.6389	0.6898
2.6402	0.6899
2.6416	0.6901
2.6429	0.6903
2.6443	0.6905
2.6456	0.6907
2.647	0.6908
2.6483	0.6909
2.6497	0.691
2.651	0.6912
2.6524	0.6914
2.6537	0.6916
2.6551	0.6918
2.6564	0.692
2.6578	0.6922
2.6592	0.6923
2.6605	0.6925
2.6619	0.6927
2.6633	0.6929
2.6646	0.6932
2.666	0.6935
2.6674	0.6938
2.6687	0.694
2.6701	0.6942
2.6715	0.6943
2.6729	0.6945
2.6743	0.6947
2.6756	0.695
2.677	0.6953
2.6784	0.6957
2.6798	0.6961
2.6812	0.6965
2.6826	0.697
2.6839	0.6976
2.6853	0.6982
2.6867	0.699
2.6881	0.6997
2.6895	0.7003
2.6909	0.701
2.6923	0.7017
2.6937	0.7025
2.6951	0.7033
2.6965	0.7043
2.6979	0.7053
2.6993	0.7063
2.7007	0.7073
2.7021	0.7084
2.7035	0.7095
2.7049	0.7107
2.7064	0.7123
2.7078	0.7141
2.7092	0.7161
2.7106	0.7183
2.712	0.7205
2.7134	0.7226
2.7149	0.7246
2.7163	0.7266
2.7177	0.729
2.7191	0.7318
2.7206	0.7352
2.722	0.7391
2.7234	0.7431
2.7248	0.7469
2.7263	0.7501
2.7277	0.7527
2.7291	0.7549
2.7306	0.7568
2.732	0.7586
2.7335	0.7604
2.7349	0.7623
2.7363	0.7644
2.7378	0.7667
2.7392	0.7692
2.7407	0.7716
2.7421	0.7738
2.7436	0.7757
2.745	0.7772
2.7465	0.7784
2.748	0.7794
2.7494	0.7803
2.7509	0.7812
2.7523	0.7821
2.7538	0.7831
2.7553	0.7842
2.7567	0.7853
2.7582	0.7865
2.7596	0.7875
2.7611	0.7885
2.7626	0.7894
2.7641	0.7902
2.7655	0.791
2.767	0.7919
2.7685	0.7926
2.77	0.7933
2.7714	0.7938
2.7729	0.7943
2.7744	0.7947
2.7759	0.795
2.7774	0.7954
2.7789	0.7958
2.7804	0.7964
2.7819	0.7969
2.7834	0.7975
2.7848	0.7981
2.7863	0.7987
2.7878	0.7993
2.7893	0.7999
2.7908	0.8004
2.7923	0.8009
2.7938	0.8013
2.7954	0.8017
2.7969	0.8021
2.7984	0.8024
2.7999	0.8028
2.8014	0.8032
2.8029	0.8036
2.8044	0.8041
2.8059	0.8046
2.8075	0.8051
2.809	0.8054
2.8105	0.8058
2.812	0.8061
2.8136	0.8064
2.8151	0.8067
2.8166	0.807
2.8181	0.8074
2.8197	0.8078
2.8212	0.8082
2.8227	0.8087
2.8243	0.8092
2.8258	0.8097
2.8274	0.8102
2.8289	0.8106
2.8304	0.8111
2.832	0.8116
2.8335	0.8121
2.8351	0.8125
2.8366	0.8129
2.8382	0.8134
2.8397	0.8138
2.8413	0.8142
2.8429	0.8147
2.8444	0.8151
2.846	0.8156
2.8475	0.816
2.8491	0.8164
2.8507	0.8168
2.8522	0.8173
2.8538	0.8177
2.8554	0.8181
2.857	0.8185
2.8585	0.8189
2.8601	0.8192
2.8617	0.8195
2.8633	0.8199
2.8649	0.8202
2.8664	0.8206
2.868	0.821
2.8696	0.8213
2.8712	0.8217
2.8728	0.822
2.8744	0.8224
2.876	0.8227
2.8776	0.8231
2.8792	0.8234
2.8808	0.8238
2.8824	0.8242
2.884	0.8246
2.8856	0.8249
2.8872	0.8253
2.8888	0.8256
2.8904	0.8259
2.892	0.8261
2.8936	0.8264
2.8952	0.8267
2.8969	0.8269
2.8985	0.8271
2.9001	0.8273
2.9017	0.8276
2.9033	0.8278
2.905	0.828
2.9066	0.8283
2.9082	0.8285
2.9099	0.8288
2.9115	0.829
2.9131	0.8292
2.9148	0.8294
2.9164	0.8296
2.9181	0.8299
2.9197	0.8301
2.9213	0.8303
2.923	0.8305
2.9246	0.8307
2.9263	0.8309
2.9279	0.8311
2.9296	0.8313
2.9312	0.8315
2.9329	0.8317
2.9346	0.8319
2.9362	0.8321
2.9379	0.8323
2.9396	0.8325
2.9412	0.8327
2.9429	0.8328
2.9446	0.833
2.9462	0.8332
2.9479	0.8334
2.9496	0.8336
2.9513	0.8337
2.953	0.8339
2.9546	0.8341
2.9563	0.8342
2.958	0.8344
2.9597	0.8346
2.9614	0.8347
2.9631	0.8349
2.9648	0.8351
2.9665	0.8352
2.9682	0.8354
2.9699	0.8356
2.9716	0.8357
2.9733	0.8359
2.975	0.8361
2.9767	0.8363
2.9784	0.8364
2.9801	0.8366
2.9818	0.8367
2.9835	0.8369
2.9853	0.8371
2.987	0.8372
2.9887	0.8374
2.9904	0.8376
2.9921	0.8378
2.9939	0.838
2.9956	0.8381
2.9973	0.8383
2.9991	0.8384
3.0008	0.8385
3.0025	0.8387
3.0043	0.8388
3.006	0.839
3.0078	0.8391
3.0095	0.8393
3.0113	0.8395
3.013	0.8397
3.0148	0.8399
3.0165	0.8401
3.0183	0.8403
3.02	0.8404
3.0218	0.8405
3.0235	0.8406
3.0253	0.8407
3.0271	0.8408
3.0288	0.8409
3.0306	0.841
3.0324	0.8411
3.0342	0.8413
3.0359	0.8414
3.0377	0.8415
3.0395	0.8416
3.0413	0.8416
3.0431	0.8417
3.0449	0.8418
3.0466	0.8419
3.0484	0.8419
3.0502	0.842
3.052	0.842
3.0538	0.842
3.0556	0.8421
3.0574	0.8421
3.0592	0.8421
3.061	0.8421
3.0628	0.8421
3.0646	0.8422
3.0665	0.8422
3.0683	0.8422
3.0701	0.8423
3.0719	0.8424
3.0737	0.8425
3.0756	0.8426
3.0774	0.8426
3.0792	0.8427
3.081	0.8426
3.0829	0.8426
3.0847	0.8426
3.0865	0.8426
3.0884	0.8426
3.0902	0.8426
3.0921	0.8427
3.0939	0.8427
3.0957	0.8428
3.0976	0.8428
3.0995	0.8429
3.1013	0.8429
3.1032	0.843
3.105	0.8431
3.1069	0.8431
3.1087	0.8432
3.1106	0.8432
3.1125	0.8433
3.1143	0.8433
3.1162	0.8434
3.1181	0.8434
3.12	0.8434
3.1218	0.8434
3.1237	0.8434
3.1256	0.8434
3.1275	0.8434
3.1294	0.8434
3.1313	0.8434
3.1332	0.8434
3.1351	0.8434
3.137	0.8434
3.1389	0.8433
3.1408	0.8432
3.1427	0.8431
3.1446	0.843
3.1465	0.8429
3.1484	0.8429
3.1503	0.8428
3.1522	0.8427
3.1541	0.8426
3.156	0.8425
3.158	0.8424
3.1599	0.8423
3.1618	0.8422
3.1637	0.8421
3.1657	0.842
3.1676	0.8419
3.1695	0.8418
3.1715	0.8417
3.1734	0.8416
3.1754	0.8414
3.1773	0.8413
3.1793	0.8411
3.1812	0.8409
3.1832	0.8408
3.1851	0.8406
3.1871	0.8404
3.189	0.8403
3.191	0.8402
3.193	0.8401
3.1949	0.84
3.1969	0.8398
3.1989	0.8397
3.2009	0.8396
3.2028	0.8395
3.2048	0.8393
3.2068	0.8391
3.2088	0.8389
3.2108	0.8388
3.2128	0.8386
3.2147	0.8383
3.2167	0.8381
3.2187	0.8379
3.2207	0.8377
3.2227	0.8375
3.2247	0.8373
3.2267	0.8372
3.2288	0.837
3.2308	0.8368
3.2328	0.8366
3.2348	0.8364
3.2368	0.8363
3.2388	0.8361
3.2409	0.8359
3.2429	0.8357
3.2449	0.8355
3.247	0.8353
3.249	0.8351
3.251	0.8349
3.2531	0.8347
3.2551	0.8346
3.2571	0.8345
3.2592	0.8343
3.2612	0.8342
3.2633	0.834
3.2654	0.8338
3.2674	0.8336
3.2695	0.8334
3.2715	0.8332
3.2736	0.8331
3.2757	0.8329
3.2777	0.8328
3.2798	0.8326
3.2819	0.8325
3.284	0.8323
3.286	0.8322
3.2881	0.832
3.2902	0.8319
3.2923	0.8317
3.2944	0.8316
3.2965	0.8314
3.2986	0.8313
3.3007	0.8312
3.3028	0.831
3.3049	0.8309
3.307	0.8308
3.3091	0.8306
3.3112	0.8305
3.3133	0.8304
3.3155	0.8303
3.3176	0.8302
3.3197	0.8301
3.3218	0.83
3.324	0.8299
3.3261	0.8298
3.3282	0.8297
3.3304	0.8296
3.3325	0.8295
3.3347	0.8294
3.3368	0.8293
3.3389	0.8292
3.3411	0.8291
3.3433	0.8291
3.3454	0.829
3.3476	0.829
3.3497	0.829
3.3519	0.829
3.3541	0.829
3.3562	0.829
3.3584	0.8291
3.3606	0.8292
3.3628	0.8293
3.3649	0.8294
3.3671	0.8295
3.3693	0.8296
3.3715	0.8298
3.3737	0.8299
3.3759	0.83
3.3781	0.83
3.3803	0.83
3.3825	0.8301
3.3847	0.8301
3.3869	0.8301
3.3891	0.8301
3.3914	0.8302
3.3936	0.8303
3.3958	0.8305
3.398	0.8307
3.4003	0.8309
3.4025	0.8311
3.4047	0.8313
3.407	0.8316
3.4092	0.8318
3.4114	0.8319
3.4137	0.8321
3.4159	0.8322
3.4182	0.8322
3.4204	0.8321
3.4227	0.8319
3.425	0.8317
3.4272	0.8314
3.4295	0.8311
3.4318	0.8308
3.434	0.8305
3.4363	0.8302
3.4386	0.8299
3.4409	0.8297
3.4431	0.8294
3.4454	0.8292
3.4477	0.8291
3.45	0.8289
3.4523	0.8287
3.4546	0.8286
3.4569	0.8284
3.4592	0.8283
3.4615	0.8282
3.4638	0.8281
3.4662	0.828
3.4685	0.828
3.4708	0.828
3.4731	0.828
3.4755	0.828
3.4778	0.8281
3.4801	0.8282
3.4825	0.8284
3.4848	0.8286
3.4871	0.8288
3.4895	0.8291
3.4918	0.8294
3.4942	0.8298
3.4965	0.8301
3.4989	0.8304
3.5013	0.8306
3.5036	0.8307
3.506	0.8306
3.5084	0.8304
3.5108	0.8301
3.5131	0.8297
3.5155	0.8293
3.5179	0.8289
3.5203	0.8285
3.5227	0.8281
3.5251	0.8279
3.5275	0.8276
3.5299	0.8274
3.5323	0.8272
3.5347	0.827
3.5371	0.8269
3.5395	0.8267
3.5419	0.8265
3.5443	0.8264
3.5468	0.8263
3.5492	0.8261
3.5516	0.826
3.5541	0.8258
3.5565	0.8257
3.5589	0.8256
3.5614	0.8255
3.5638	0.8254
3.5663	0.8253
3.5687	0.8252
3.5712	0.8252
3.5737	0.8251
3.5761	0.825
3.5786	0.825
3.5811	0.8249
3.5835	0.8249
3.586	0.8249
3.5885	0.8248
3.591	0.8248
3.5935	0.8248
3.596	0.8247
3.5985	0.8247
3.601	0.8247
3.6035	0.8247
3.606	0.8246
3.6085	0.8246
3.611	0.8246
3.6135	0.8246
3.616	0.8246
3.6185	0.8245
3.6211	0.8245
3.6236	0.8245
3.6261	0.8245
3.6287	0.8244
3.6312	0.8244
3.6338	0.8243
3.6363	0.8243
3.6389	0.8242
3.6414	0.8242
3.644	0.8241
3.6465	0.824
3.6491	0.824
3.6517	0.8239
3.6543	0.8239
3.6568	0.8238
3.6594	0.8238
3.662	0.8237
3.6646	0.8236
3.6672	0.8236
3.6698	0.8235
3.6724	0.8234
3.675	0.8233
3.6776	0.8232
3.6802	0.8231
3.6828	0.8229
3.6854	0.8228
3.688	0.8227
3.6907	0.8225
3.6933	0.8224
3.6959	0.8223
3.6986	0.8221
3.7012	0.822
3.7038	0.8219
3.7065	0.8218
3.7091	0.8217
3.7118	0.8216
3.7145	0.8215
3.7171	0.8214
3.7198	0.8212
3.7225	0.8211
3.7251	0.8209
3.7278	0.8207
3.7305	0.8205
3.7332	0.8204
3.7359	0.8202
3.7386	0.82
3.7413	0.8198
3.744	0.8196
3.7467	0.8194
3.7494	0.8192
3.7521	0.819
3.7548	0.8189
3.7575	0.8187
3.7602	0.8186
3.763	0.8184
3.7657	0.8183
3.7684	0.8182
3.7712	0.8181
3.7739	0.8179
3.7767	0.8178
3.7794	0.8177
3.7822	0.8175
3.7849	0.8174
3.7877	0.8173
3.7905	0.8172
3.7933	0.8172
3.796	0.8171
3.7988	0.817
3.8016	0.817
3.8044	0.8169
3.8072	0.8169
3.81	0.8168
3.8128	0.8168
3.8156	0.8168
3.8184	0.8167
3.8212	0.8167
3.824	0.8167
3.8269	0.8166
3.8297	0.8166
3.8325	0.8166
3.8353	0.8165
3.8382	0.8165
3.841	0.8164
3.8439	0.8164
3.8467	0.8163
3.8496	0.8163
3.8524	0.8162
3.8553	0.8162
3.8582	0.8161
3.861	0.8161
3.8639	0.8161
3.8668	0.816
3.8697	0.816
3.8726	0.8159
3.8755	0.8158
3.8784	0.8158
3.8813	0.8158
3.8842	0.8158
3.8871	0.8158
3.89	0.8159
3.8929	0.8159
3.8959	0.816
3.8988	0.8161
3.9017	0.8161
3.9047	0.8162
3.9076	0.8162
3.9105	0.8163
3.9135	0.8163
3.9165	0.8164
3.9194	0.8165
3.9224	0.8166
3.9253	0.8167
3.9283	0.8168
3.9313	0.8169
3.9343	0.8171
3.9373	0.8172
3.9403	0.8173
3.9433	0.8174
3.9463	0.8175
3.9493	0.8176
3.9523	0.8177
3.9553	0.8178
3.9583	0.8179
3.9613	0.8179
3.9644	0.818
3.9674	0.818
3.9704	0.818
3.9735	0.8181
3.9765	0.8181
3.9796	0.818
3.9826	0.818
3.9857	0.818
3.9888	0.8179
3.9918	0.8178
3.9949	0.8177
3.998	0.8176
4.0011	0.8175
4.0042	0.8174
4.0072	0.8173
4.0103	0.8171
4.0135	0.8169
4.0166	0.8167
4.0197	0.8165
4.0228	0.8162
4.0259	0.816
4.029	0.8157
4.0322	0.8155
4.0353	0.8152
4.0385	0.815
4.0416	0.8148
4.0448	0.8146
4.0479	0.8144
4.0511	0.8142
4.0542	0.814
4.0574	0.8139
4.0606	0.8137
4.0638	0.8135
4.067	0.8134
4.0702	0.8132
4.0734	0.8131
4.0766	0.813
4.0798	0.8129
4.083	0.8128
4.0862	0.8128
4.0894	0.8127
4.0926	0.8127
4.0959	0.8127
4.0991	0.8127
4.1024	0.8127
4.1056	0.8128
4.1089	0.8128
4.1121	0.8129
4.1154	0.813
4.1187	0.8131
4.1219	0.8131
4.1252	0.8132
4.1285	0.8134
4.1318	0.8135
4.1351	0.8136
4.1384	0.8138
4.1417	0.8139
4.145	0.8141
4.1483	0.8143
4.1516	0.8146
4.155	0.8148
4.1583	0.815
4.1616	0.8152
4.165	0.8154
4.1683	0.8156
4.1717	0.8158
4.175	0.8159
4.1784	0.8159
4.1818	0.816
4.1851	0.8159
4.1885	0.8158
4.1919	0.8156
4.1953	0.8152
4.1987	0.8148
4.2021	0.8141
4.2055	0.8134
4.2089	0.8124
4.2123	0.8113
4.2158	0.81
4.2192	0.8086
4.2226	0.8073
4.2261	0.8061
4.2295	0.8053
4.233	0.8051
4.2364	0.8055
4.2399	0.8062
4.2434	0.8069
4.2468	0.8074
4.2503	0.8076
4.2538	0.8075
4.2573	0.8072
4.2608	0.8067
4.2643	0.806
4.2678	0.805
4.2713	0.804
4.2748	0.803
4.2784	0.802
4.2819	0.8013
4.2854	0.8009
4.289	0.8008
4.2925	0.8009
4.2961	0.8013
4.2997	0.8019
4.3032	0.8026
4.3068	0.8035
4.3104	0.8043
4.314	0.8052
4.3176	0.8061
4.3212	0.8069
4.3248	0.8077
4.3284	0.8085
4.332	0.8093
4.3356	0.8101
4.3392	0.8109
4.3429	0.8117
4.3465	0.8125
4.3502	0.8134
4.3538	0.8143
4.3575	0.8152
4.3611	0.8162
4.3648	0.8172
4.3685	0.8182
4.3722	0.8193
4.3758	0.8204
4.3795	0.8215
4.3832	0.8226
4.387	0.8237
4.3907	0.8249
4.3944	0.8261
4.3981	0.8274
4.4019	0.8287
4.4056	0.8299
4.4093	0.8311
4.4131	0.8321
4.4168	0.833
4.4206	0.8336
4.4244	0.8338
4.4282	0.8338
4.432	0.8334
4.4357	0.8328
4.4395	0.8319
4.4433	0.8309
4.4472	0.8298
4.451	0.8287
4.4548	0.8275
4.4586	0.8265
4.4625	0.8255
4.4663	0.8246
4.4702	0.8237
4.474	0.823
4.4779	0.8222
4.4817	0.8215
4.4856	0.8209
4.4895	0.8203
4.4934	0.8198
4.4973	0.8194
4.5012	0.819
4.5051	0.8187
4.509	0.8184
4.513	0.8181
4.5169	0.8179
4.5208	0.8176
4.5248	0.8173
4.5287	0.8171
4.5327	0.8168
4.5366	0.8165
4.5406	0.8163
4.5446	0.8161
4.5486	0.8159
4.5526	0.8157
4.5566	0.8156
4.5606	0.8155
4.5646	0.8154
4.5686	0.8153
4.5726	0.8152
4.5767	0.8151
4.5807	0.8151
4.5848	0.815
4.5888	0.815
4.5929	0.815
4.597	0.815
4.601	0.8151
4.6051	0.8151
4.6092	0.8152
4.6133	0.8153
4.6174	0.8154
4.6216	0.8155
4.6257	0.8156
4.6298	0.8158
4.6339	0.8159
4.6381	0.8161
4.6422	0.8162
4.6464	0.8164
4.6506	0.8165
4.6547	0.8167
4.6589	0.8168
4.6631	0.8169
4.6673	0.817
4.6715	0.8171
4.6757	0.8172
4.6799	0.8174
4.6842	0.8175
4.6884	0.8177
4.6927	0.8179
4.6969	0.8181
4.7012	0.8183
4.7054	0.8185
4.7097	0.8187
4.714	0.8189
4.7183	0.8192
4.7226	0.8194
4.7269	0.8197
4.7312	0.8199
4.7355	0.8202
4.7398	0.8204
4.7442	0.8206
4.7485	0.8209
4.7529	0.8211
4.7572	0.8213
4.7616	0.8214
4.766	0.8216
4.7704	0.8217
4.7748	0.8218
4.7792	0.8218
4.7836	0.8218
4.788	0.8218
4.7924	0.8217
4.7968	0.8217
4.8013	0.8217
4.8057	0.8216
4.8102	0.8216
4.8147	0.8216
4.8191	0.8216
4.8236	0.8216
4.8281	0.8217
4.8326	0.8217
4.8371	0.8219
4.8416	0.822
4.8462	0.8222
4.8507	0.8225
4.8552	0.8228
4.8598	0.8232
4.8643	0.8236
4.8689	0.8241
4.8735	0.8247
4.8781	0.8253
4.8827	0.826
4.8873	0.8266
4.8919	0.8274
4.8965	0.8281
4.9011	0.8288
4.9058	0.8295
4.9104	0.8301
4.9151	0.8308
4.9197	0.8313
4.9244	0.8318
4.9291	0.8323
4.9338	0.8327
4.9385	0.833
4.9432	0.8332
4.9479	0.8334
4.9526	0.8336
4.9573	0.8338
4.9621	0.834
4.9668	0.8343
4.9716	0.8346
4.9764	0.8351
4.9812	0.8356
4.9859	0.8362
4.9907	0.8368
4.9956	0.8374
5.0004	0.8379
5.0052	0.8383
5.01	0.8387
5.0149	0.839
5.0197	0.8392
5.0246	0.8394
5.0295	0.8396
5.0344	0.8399
5.0392	0.8403
5.0441	0.8407
5.0491	0.8411
5.054	0.8416
5.0589	0.8421
5.0639	0.8427
5.0688	0.8433
5.0738	0.844
5.0787	0.8447
5.0837	0.8454
5.0887	0.8462
5.0937	0.847
5.0987	0.8477
5.1037	0.8485
5.1087	0.8492
5.1138	0.8498
5.1188	0.8504
5.1239	0.8509
5.129	0.8513
5.134	0.8515
5.1391	0.8517
5.1442	0.8517
5.1493	0.8516
5.1545	0.8513
5.1596	0.8511
5.1647	0.8508
5.1699	0.8505
5.175	0.8502
5.1802	0.85
5.1854	0.85
5.1906	0.85
5.1958	0.8502
5.201	0.8504
5.2062	0.8508
5.2114	0.8512
5.2167	0.8516
5.2219	0.8521
5.2272	0.8525
5.2325	0.8528
5.2378	0.8532
5.2431	0.8534
5.2484	0.8537
5.2537	0.854
5.259	0.8542
5.2643	0.8545
5.2697	0.8547
5.2751	0.8551
5.2804	0.8554
5.2858	0.8559
5.2912	0.8563
5.2966	0.8568
5.302	0.8573
5.3075	0.8578
5.3129	0.8581
5.3183	0.8584
5.3238	0.8586
5.3293	0.8586
5.3348	0.8585
5.3402	0.8583
5.3458	0.8579
5.3513	0.8575
5.3568	0.8571
5.3623	0.8567
5.3679	0.8564
5.3735	0.8562
5.379	0.856
5.3846	0.856
5.3902	0.856
5.3958	0.8561
5.4014	0.8562
5.4071	0.8565
5.4127	0.8568
5.4184	0.8572
5.424	0.8576
5.4297	0.858
5.4354	0.8583
5.4411	0.8586
5.4468	0.8588
5.4526	0.859
5.4583	0.8591
5.464	0.8592
5.4698	0.8593
5.4756	0.8595
5.4814	0.8596
5.4872	0.8597
5.493	0.8599
5.4988	0.8602
5.5046	0.8605
5.5105	0.8608
5.5164	0.8612
5.5222	0.8617
5.5281	0.8623
5.534	0.8628
5.5399	0.8634
5.5459	0.8638
5.5518	0.8641
5.5578	0.864
5.5637	0.8636
5.5697	0.8627
5.5757	0.8615
5.5817	0.8599
5.5877	0.8581
5.5937	0.8563
5.5998	0.8546
5.6058	0.853
5.6119	0.8515
5.618	0.8501
5.6241	0.8489
5.6302	0.8478
5.6363	0.847
5.6424	0.8463
5.6486	0.8458
5.6547	0.8454
5.6609	0.8453
5.6671	0.8453
5.6733	0.8454
5.6795	0.8455
5.6857	0.8458
5.692	0.8461
5.6982	0.8464
5.7045	0.8468
5.7108	0.8471
5.7171	0.8475
5.7234	0.8478
5.7297	0.8481
5.736	0.8484
5.7424	0.8486
5.7488	0.8488
5.7551	0.849
5.7615	0.8491
5.7679	0.8493
5.7744	0.8495
5.7808	0.8497
5.7873	0.85
5.7937	0.8502
5.8002	0.8506
5.8067	0.8509
5.8132	0.8514
5.8197	0.8519
5.8263	0.8525
5.8328	0.853
5.8394	0.8536
5.846	0.854
5.8526	0.8543
5.8592	0.8546
5.8658	0.8549
5.8725	0.8553
5.8791	0.8558
5.8858	0.8564
5.8925	0.8571
5.8992	0.8578
5.9059	0.8584
5.9126	0.859
5.9194	0.8596
5.9262	0.8602
5.9329	0.8609
5.9397	0.8616
5.9465	0.8623
5.9534	0.863
5.9602	0.8637
5.9671	0.8643
5.9739	0.865
5.9808	0.8657
5.9877	0.8663
5.9947	0.867
6.0016	0.8677
6.0086	0.8682
6.0155	0.8687
6.0225	0.8691
6.0295	0.8696
6.0365	0.87
6.0436	0.8705
6.0506	0.8711
6.0577	0.8717
6.0648	0.8723
6.0719	0.8729
6.079	0.8733
6.0861	0.8738
6.0933	0.8743
6.1004	0.8748
6.1076	0.8754
6.1148	0.876
6.1221	0.8766
6.1293	0.8771
6.1365	0.8776
6.1438	0.8781
6.1511	0.8785
6.1584	0.8789
6.1657	0.8792
6.1731	0.8795
6.1804	0.8797
6.1878	0.8799
6.1952	0.8801
6.2026	0.8802
6.21	0.8803
6.2175	0.8803
6.2249	0.8803
6.2324	0.8803
6.2399	0.8803
6.2474	0.8802
6.255	0.8802
6.2625	0.8801
6.2701	0.8801
6.2777	0.88
6.2853	0.8801
6.2929	0.8802
6.3006	0.8805
6.3082	0.8808
6.3159	0.8813
6.3236	0.8818
6.3314	0.8826
6.3391	0.8835
6.3469	0.8846
6.3546	0.8858
6.3624	0.8871
6.3702	0.8884
6.3781	0.8898
6.3859	0.8913
6.3938	0.893
6.4017	0.895
6.4096	0.8973
6.4176	0.8999
6.4255	0.9024
6.4335	0.9046
6.4415	0.9066
6.4495	0.9082
6.4575	0.9097
6.4656	0.9114
6.4736	0.9132
6.4817	0.9153
6.4898	0.9175
6.498	0.9196
6.5061	0.9213
6.5143	0.9226
6.5225	0.9237
6.5307	0.9246
6.5389	0.9254
6.5472	0.9262
6.5555	0.9271
6.5638	0.928
6.5721	0.9289
6.5804	0.9299
6.5888	0.9308
6.5972	0.9318
6.6056	0.9328
6.614	0.9338
6.6225	0.9347
6.6309	0.9355
6.6394	0.9363
6.6479	0.937
6.6565	0.9378
6.665	0.9386
6.6736	0.9394
6.6822	0.9402
6.6908	0.9409
6.6995	0.9416
6.7081	0.9423
6.7168	0.943
6.7255	0.9437
6.7343	0.9444
6.743	0.945
6.7518	0.9457
6.7606	0.9463
6.7694	0.9468
6.7783	0.9473
6.7871	0.9479
6.796	0.9484
6.805	0.949
6.8139	0.9496
6.8229	0.9501
6.8319	0.9505
6.8409	0.9509
6.8499	0.9513
6.859	0.9517
6.8681	0.9522
6.8772	0.9527
6.8863	0.9531
6.8955	0.9535
6.9046	0.9538
6.9138	0.9539
6.9231	0.9541
6.9323	0.9542
6.9416	0.9544
6.9509	0.9546
6.9602	0.9549
6.9696	0.9552
6.979	0.9555
6.9884	0.9557
6.9978	0.956
7.0073	0.9562
7.0168	0.9565
7.0263	0.9568
7.0358	0.9571
7.0454	0.9574
7.0549	0.9576
7.0646	0.9577
7.0742	0.9578
7.0839	0.9579
7.0935	0.9579
7.1033	0.958
7.113	0.9582
7.1228	0.9584
7.1326	0.9585
7.1424	0.9586
7.1523	0.9587
7.1621	0.9588
7.172	0.9589
7.182	0.9591
7.1919	0.9593
7.2019	0.9595
7.2119	0.9596
7.222	0.9597
7.2321	0.9597
7.2422	0.9598
7.2523	0.9598
7.2624	0.96
7.2726	0.9601
7.2828	0.9602
7.2931	0.9604
7.3034	0.9605
7.3137	0.9605
7.324	0.9607
7.3343	0.9608
7.3447	0.961
7.3552	0.9612
7.3656	0.9614
7.3761	0.9616
7.3866	0.9617
7.3971	0.9618
7.4077	0.9618
7.4183	0.9619
7.4289	0.962
7.4396	0.9621
7.4503	0.9622
7.461	0.9623
7.4717	0.9623
7.4825	0.9624
7.4933	0.9624
7.5042	0.9624
7.515	0.9625
7.526	0.9626
7.5369	0.9627
7.5479	0.9628
7.5589	0.9628
7.5699	0.9629
7.581	0.9629
7.5921	0.9631
7.6032	0.9632
7.6144	0.9634
7.6256	0.9636
7.6368	0.9638
7.6481	0.9639
7.6593	0.964
7.6707	0.9641
7.682	0.9643
7.6934	0.9645
7.7049	0.9647
7.7163	0.9649
7.7278	0.9652
7.7394	0.9654
7.7509	0.9656
7.7625	0.9658
7.7742	0.966
7.7859	0.9663
7.7976	0.9666
7.8093	0.9668
7.8211	0.9671
7.8329	0.9673
7.8447	0.9675
7.8566	0.9678
7.8686	0.968
7.8805	0.9683
7.8925	0.9686
7.9045	0.9689
7.9166	0.9692
7.9287	0.9695
7.9409	0.9698
7.953	0.9701
7.9653	0.9704
7.9775	0.9708
7.9898	0.9711
8.0021	0.9715
8.0145	0.9718
8.0269	0.9721
8.0394	0.9724
8.0518	0.9727
8.0644	0.973
8.0769	0.9734
8.0895	0.9737
8.1022	0.9741
8.1148	0.9743
8.1276	0.9745
8.1403	0.9747
8.1531	0.9748
8.166	0.975
8.1788	0.9751
8.1918	0.9753
8.2047	0.9753
8.2177	0.9753
8.2308	0.9752
8.2438	0.975
8.257	0.9748
8.2701	0.9744
8.2834	0.9741
8.2966	0.9737
8.3099	0.9733
8.3232	0.9728
8.3366	0.9722
8.35	0.9716
8.3635	0.971
8.377	0.9704
8.3906	0.9699
8.4042	0.9694
8.4178	0.9688
8.4315	0.9683
8.4452	0.9676
8.459	0.967
8.4728	0.9663
8.4867	0.9657
8.5006	0.965
8.5146	0.9643
8.5286	0.9636
8.5426	0.9629
8.5567	0.9621
8.5709	0.9613
8.5851	0.9606
8.5993	0.9599
8.6136	0.9593
8.6279	0.9588
8.6423	0.9583
8.6567	0.9578
8.6712	0.9573
8.6857	0.9569
8.7003	0.9565
8.7149	0.9561
8.7296	0.9557
8.7443	0.9553
8.7591	0.9548
8.7739	0.9543
8.7888	0.9537
8.8037	0.953
8.8187	0.9523
8.8337	0.9517
8.8488	0.951
8.8639	0.9503
8.8791	0.9495
8.8943	0.9486
8.9096	0.9477
8.9249	0.9466
8.9403	0.9455
8.9558	0.9443
8.9712	0.9429
8.9868	0.9414
9.0024	0.9396
9.0181	0.9376
9.0338	0.9354
9.0495	0.9329
9.0654	0.9303
9.0812	0.9275
9.0972	0.9247
9.1131	0.9218
9.1292	0.9189
9.1453	0.9161
9.1615	0.9133
9.1777	0.9107
9.1939	0.9084
9.2103	0.9064
9.2267	0.9048
9.2431	0.9034
9.2596	0.9024
9.2762	0.9016
9.2928	0.901
9.3095	0.9007
9.3262	0.9006
9.343	0.9007
9.3599	0.9009
9.3768	0.9013
9.3938	0.9016
9.4109	0.902
9.428	0.9023
9.4451	0.9026
9.4624	0.9029
9.4797	0.9031
9.497	0.9033
9.5145	0.9032
9.532	0.903
9.5495	0.9025
9.5671	0.9018
9.5848	0.9009
9.6026	0.8997
9.6204	0.8984
9.6383	0.8969
9.6562	0.8952
9.6742	0.8935
9.6923	0.8916
9.7105	0.8898
9.7287	0.8879
9.747	0.8861
9.7653	0.8842
9.7837	0.8824
9.8022	0.8804
9.8208	0.8782
9.8394	0.8759
9.8581	0.8733
9.8769	0.8706
9.8958	0.8678
9.9147	0.8649
9.9337	0.862
9.9527	0.8589
9.9719	0.8558
9.9911	0.8525
10.0104	0.8491
10.0298	0.8457
10.0492	0.8421
10.0687	0.8384
10.0883	0.8345
10.108	0.8302
10.1277	0.8257
10.1475	0.8209
10.1674	0.8161
10.1874	0.8112
10.2074	0.8064
10.2276	0.8017
10.2478	0.7971
10.2681	0.7926
10.2885	0.7883
10.3089	0.7841
10.3294	0.7799
10.3501	0.7758
10.3708	0.7716
10.3915	0.7675
10.4124	0.7634
10.4334	0.7593
10.4544	0.7552
10.4755	0.7511
10.4967	0.7471
10.518	0.7432
10.5394	0.7395
10.5609	0.7361
10.5824	0.7329
10.6041	0.7299
10.6258	0.7271
10.6476	0.7246
10.6695	0.7224
10.6915	0.7206
10.7136	0.719
10.7358	0.7177
10.7581	0.7166
10.7804	0.7154
10.8029	0.7142
10.8254	0.7128
10.8481	0.7113
10.8708	0.7096
10.8937	0.7079
10.9166	0.7062
10.9396	0.7046
10.9628	0.7034
10.986	0.7024
11.0093	0.7017
11.0327	0.7014
11.0562	0.7015
11.0799	0.7018
11.1036	0.7023
11.1274	0.703
11.1514	0.7039
11.1754	0.7047
11.1995	0.7056
11.2238	0.7064
11.2481	0.7073
11.2726	0.7084
11.2971	0.7096
11.3218	0.711
11.3466	0.7128
11.3715	0.715
11.3964	0.7178
11.4215	0.7213
11.4468	0.7257
11.4721	0.7311
11.4975	0.7376
11.5231	0.7451
11.5487	0.7534
11.5745	0.7621
11.6004	0.7712
11.6264	0.7802
11.6525	0.7888
11.6788	0.797
11.7052	0.8046
11.7316	0.8115
11.7582	0.8178
11.785	0.8235
11.8118	0.8287
11.8388	0.8335
11.8659	0.838
11.8931	0.8422
11.9204	0.8461
11.9479	0.8498
11.9755	0.8532
12.0032	0.8566
12.031	0.8598
12.059	0.8629
12.0871	0.8659
12.1154	0.8687
12.1437	0.8715
12.1723	0.8742
12.2009	0.8767
12.2297	0.879
12.2586	0.8811
12.2876	0.8829
12.3168	0.8845
12.3461	0.8858
12.3756	0.8871
12.4052	0.8883
12.435	0.8895
12.4649	0.8905
12.4949	0.8915
12.5251	0.8923
12.5554	0.8932
12.5859	0.8941
12.6165	0.895
12.6473	0.896
12.6782	0.8969
12.7093	0.8978
12.7405	0.8987
12.7719	0.8996
12.8034	0.9006
12.8351	0.9016
12.867	0.9026
12.899	0.9038
12.9311	0.905
12.9635	0.9062
12.9959	0.9074
13.0286	0.9086
13.0614	0.9098
13.0944	0.911
13.1275	0.9123
13.1609	0.9138
13.1944	0.9153
13.228	0.9168
13.2618	0.9182
13.2958	0.9197
13.33	0.9213
13.3644	0.9229
13.3989	0.9246
13.4336	0.9264
13.4685	0.9283
13.5036	0.9302
13.5389	0.9321
13.5743	0.9339
13.6099	0.9356
13.6457	0.9371
13.6817	0.9384
13.7179	0.9395
13.7543	0.9403
13.7909	0.9409
13.8277	0.9411
13.8647	0.9412
13.9018	0.9411
13.9392	0.941
13.9768	0.9409
14.0145	0.941
14.0525	0.9411
14.0907	0.9413
14.1291	0.9414
14.1677	0.9417
14.2065	0.942
14.2456	0.9425
14.2848	0.9431
14.3243	0.9437
14.3639	0.9443
14.4038	0.9448
14.444	0.9452
14.4843	0.9454
14.5249	0.9455
14.5657	0.9456
14.6067	0.9458
14.648	0.9459
14.6895	0.9461
14.7312	0.9461
14.7732	0.9459
14.8154	0.9457
14.8578	0.9455
14.9005	0.9454
14.9435	0.9455
14.9867	0.9457
15.0301	0.946
15.0738	0.9462
15.1177	0.9462
15.1619	0.9459
15.2064	0.9453
15.2511	0.9445
15.2961	0.9435
15.3414	0.9424
15.3869	0.941
15.4327	0.9391
15.4787	0.9369
15.5251	0.9342
15.5717	0.9312
15.6186	0.9281
15.6658	0.925
15.7133	0.9219
15.761	0.9189
15.8091	0.916
15.8574	0.9132
15.9061	0.9107
15.955	0.9085
16.0043	0.9068
16.0538	0.9057
16.1037	0.9052
16.1538	0.9053
16.2043	0.9059
16.2551	0.9068
16.3062	0.908
16.3577	0.9094
16.4094	0.9111
16.4615	0.9132
16.514	0.9157
16.5667	0.9183
